1, tq là công_xưởng thế_giới,iphone còn được sản_xuất tại đó cơ_mà 1,tin siêu nóng đủ làm tan chảy trái_tim của các fan iphone_6 đây ạ
3, Video_Quên mật_khẩu,đây là cách mở khóa iphone trong một nốt_nhạc 1,e chỉ thích iphone 3
3,Khi đãng cần copy một tập_tin sang một máy_tính khác mà_lại không có gì ngoài chiếc iphone thân_thuộc của mình Bạn hoàn_toàn có_thể thực_hiện việc chuyển tập_tin đó bằng chính chiếc iphone của này Sau đây Hoàng_Kiên sẽ hướng_dẫn các bạn làm_sao để chiếc iphone của mình làm một thiết_bị lưu_trữ di_động
2,dùng iphone đã lâu mới phát_hiện ra một sự_thật khó chấp_nhận
3, Cẩn_thận chiêu lừa bỏ ngải bỏ thuốc_mê Chiều nay mình đãng đứng ở công_viên Tao_Đàn thì_có cô kia bán vé_số tiến đến mời mình Mình lắc_đầu không mua thì cổ mới nói_nhỏ cháu ơi,cô lượm được cái điện_thoại này đẹp lắm,cháu mua không cô để rẻ cho_rồi hé giỏ cho mình xem cái iphone_6s màu hồng rõ_ràng Đúng lúc này đầu_óc mình đột_nhiên xoay mòng mòng,cảm_giác thoáng qua này làm mình biết ngay là mình đãng đói Bài_học rút ra là đói mà nhịn ăn là rất nguy_hiểm,chứ đách có ai bỏ thuốc_mê mình được hết Cô bán vé_số thấy mình không xi nhê nên có_vẻ em dè,tới lúc mình hỏi ủa ngải là sao cô,tính bỏ ngải con hả cho con coi với cổ ú_ớ không nói được gì hết y_như bị trúng ngải vậy,quả_thực bùa ngải đáng_sợ quá Tới đây thì do đã đọc nhiều về thủ_đoạn bỏ bùa bỏ ngải thuốc_mê trên mạng nên mình vô_cùng cảnh_giác,ngay_lập_tức giật phắt cái phone đó chạy thật xa trước khi ngải của cổ có tác_dụng Bây_giờ mình đãng viết status từ cái phone đó_đây nè,còn cổ thì chạy theo không kịp nên mình đách quan_tâm Bài_học rút ra cho mọi người là đi lừa người khác thì cẩn_thận coi_chừng bị giựt phone nhe,chứ bùa ngải đéo có đâubùabùacáicụckít 1,Dép lông xinh_xinh sociu đi cực hợp mùa_đông luôn nhé mix đồ tha_hồ Mặc nhà hay dạo phố vất style ngây_ngất ạ 2 màu siêu xinh luôn ghi và đen nhé Sz từ 35 đến 38 Add 51 Nguyễn_Trường_Tộ_Phone có sd imess và viber cho iphone nhé
1,thay kính iphone_6 tại maxmobilecare uy_tín chất_lượng
1, Chả có con trang_điểm nào như tôi Được em Linh_miu coi như chị,như người_thân,tặng xe,điện_thoại iphone,tặng cốp mới không dùng nên bán rồi tặng cho 1 đống tiền tiền cho thường_xuyên luôn Ps mang tính_chất khoe,ai nghĩ gì kệ,thấy Mình là con make_up may_mắn nhất Thành_công lớn nhất của 1 người_làm nghề Không cần 1 nghìn khách đến_cùng 1 lúc,chỉ cần 1 khách nhưng quay lại 1 nghìn lần 1, được em linh miu coi như chị,như người_thân,tặng xe,điện_thoại iphone,tặng cốp mới không dùng nên bán rồi tặng cho 1 đống tiền tiền cho thường_xuyên luôn 3, 11146 Bước vào năm_học đại_học đầu_tiên,mẹ mua cho em một cái Iphone màu trắng,trông nó thật xinh_xắn dễ_thương với cái tai_nghe màu trắng đi kèm Nó dài khoảng một gang tay,thân nó dài và mỏng Iphone có một chiếc tai_nghe khá dài,nhìn như tai_nghe bình_thường,màu trắng tinh_khôi Đầu tai_nghe là hai cục tròn tròn dùng để nhét vào tai Nó mang tên tai_nghe của iphone_5s Em cắm tai_nghe vào Iphone,mở ZingMP3,âm_thanh rộn_ràng và sinh_động vang lên Cảm_giác cuộc_sống của em tuyệt_vời hơn bao_giờ hết,làm em cảm_thấy bớt lạc_lõng và cô_đơn hơn bao_giờ hết Không biết từ lúc_nào,tai_nghe và Iphone đã trở_thành người bạn thân_thiết của em trên mọi nẻo đường Khi dùng để nghe,gọi,lướt face,xem phim,khi để cho mượn Mỗi khi dùng xong,em đều cẩn_thận cất vào balo để khỏi bị hỏng_hóc Tđn sáng nay em lại để quên ở phòng P305 nhà A3,chắc là bàn thứ 45 dãy thứ_ba đối_diện bàn giáo_viên Bạnanhchị nào nhặt được thì vui_lòng cho em xin lại TT Em sẽ hậu_tạ 1, bước vào năm_học đại_học đầu_tiên,mẹ mua cho em một cái iphone màu trắng,trông nó thật xinh_xắn dễ_thương với cái tai_nghe màu trắng đi kèm 3,nó mang tên tai_nghe của iphone_5s
1, em cắm tai_nghe vào iphone,mở zingmp 3,âm_thanh rộn_ràng và sinh_động vang lên 1, không biết từ lúc_nào,tai_nghe và iphone đã trở_thành người bạn thân_thiết của em trên mọi nẻo đường 1, may_mà mình không dùng iphone,sẽ chỉ chung thành với android cùng samsung 2, mấy anh ơi,cho em hỏi iphone_5 của em tự_nhiên màn_hình nó bị loạn,hình_ảnh bị phân_thân,lúc lại bình_thường,cảm_ứng thì không bị gì 1, Đôi_lúc tình_yêu nó mù_quáng lắm Yêu_Sony như ta yêu một cô_gái đẹp và khác_biệt Điện_thoại Sony không hoàn_hảo,có những thứ chưa tốt,có những lỗi vặt khiến ta bực_bội Nhưng ta vẫn yêu,vẫn bỏ_qua và chấp_nhận Vì_sao ư Vì nàng không như bao cô_gái khác bắt_mắt,da trắng,môi chảy_máu trong thời_đại hot girl,iphone đầy_rẫy Nàng khác_biệt Vô_cùng cá_tính nhưng điều mà hiếm ai có được,nàng bền bĩ,chịu_thương_chịu_khó,dãi_nắng_dầm_mưa chống nước Nàng nổi_bật nhưng không diêm_dúa,nàng bóng_bẩy nhưng rất gợi_cảm,nàng sang_trọng mà đầy mạnh_mẽ Và vì nàng là đứa con_gái cưng của Họ một Sony sáng_tạo một Nhật_Bản siêu_phàm Đơn_giản là yêu là đãm_mê Một thanh_niên yêu màu tím cuồng Xperia chia_sẻ Hãy giữ niềm_tin vào Sony,lửa vào Xperia,và đừng quên mua phụ_kiện ở Xperiashop ạ 3, vì nàng không như bao cô_gái khác bắt_mắt,da trắng,môi chảy_máu trong thời_đại hot girl,iphone đầy_rẫy 3,Chuẩn_bị như thé này cho đêm nay đã đủ chưa nhỉ 3 3 chỉ còn 1 tiếng nữa thôi_thì chúng_ta sẽ được tận_mắt thấy phiên_bản iphone mới_rồi 3 3 Link xem online ad sẽ cập_nhật sau nhé
1,chỉ còn 1 tiếng nữa thôi_thì chúng_ta sẽ được tận_mắt thấy phiên_bản iphone mới_rồi
3,trường thuật trực_tiếp iphone mới mời bạn xem tại đây
3,dân_chơi iphone bơi hết vào đây mà xem nhé
1, Behind the scence phim RẤT ngắn Mãi_Mãi_Bên_Nhau_Thấy người_ta quay mình cũng quay 3 máy như_ai mà là máy Iphone_Hehe Không còn gì hạnh_phúc bằng đi làm mà vui như đi chơi Làm nhiều,có ngày làm cả 24 tiếng nhưng cười còn nhiều hơn Cám_ơn đại_gia_đình đã cho Kd một kinh_nghiệm đặc_biệt có_một_không_hai trong đời và những kỷ_niệm sẽ không_bao_giờ quên 2, bạn mình cứ_thế ra về,về đến nhà một lúc lâu mới nhận ra mình bị lừa,điện_thoại thì iphone_6 2,iphone_6s có_vẻ mờ_nhạt so với mấy em kia quá tội_nghiệp các bạn thấy camera của siêu phẩm nào đỉnh nhất nhỉ 3
3, Thời_tiết ngày_càng lạnh đấy nên các nàng nhớ sắm áo dạ nhé Áo dạ vân măng_tô Màu ghi sáng,ghi đậm mix đồ kiểu gì cũng ok í,mặc jean hay váy vóc bên trong đều ok nhé Áo_len tay rộng mặc trong Màu xanh tím_than,nâu,ghiQuần skinny tua_rua gấu Màu đen,xanh jean Add 51 Nguyễn_Trường_Tộ_Phone có sd imess và viber cho iphone nhé 2, Xin_lỗi,mọi người cho mình hỏi một_chút,Hiện_tại mình đãng dùng iphone_6 và mình không_thể_nào cài được Appvn_Thông thường,mình hay vào Safari,truy_cập vào Appvncom,chọn phần appvn cho máy nonjailbreak Nhưng gần mấy tháng nay,lần nào mình click vào phần nonjailbreak thì đều được hiện thông_báo Coming soon Khổ_tâm cực Mình học tiếng anh chuyên_ngành,rất cần sử_dụng các từ_điển Oxford ở app Giờ mình chẳng biết làm thế_nào Ad và mọi người giúp mình với 2, xin_lỗi,mọi người cho mình hỏi một_chút,hiện_tại mình đãng dùng iphone_6 và mình không_thể_nào cài được appvn 3,iphone_7 mà như video thì quá giống Android rồi
3,Xã_hội hiện_nay nhà_nhà iphone nhà_nhà ipad Nhà các bạn có vậy không 1, Cài_đặt ngay ứng_dụng Kiếm tiền,săn xu và nhập mã APPSTONE nhé để nhận iphone_6S 3, giáng_sinh này con chỉ ước một chiếc iphone,một chiếc ipad thôi,con rất ngoan,mỗi bữa chỉ ăn 2 bát cơm và thi_thoảng đòi ăn bánh thôi ạ 3,mình ở yên bái mình muốn mua 1 cái ốp iphone_5 được không 2,có ai thấy iphone_7 giống htc không
2,hôm_qua bị trộm mất iphone tức quá
3, ĐỜI_KHÔNG_NHƯ_LÀ_MƠ v Vào ngày sinh_nhật của cô_gái,chàng_trai che mắt cô_gái,rồi nói Cưng à,đi theo anh nào Đi suốt nửa tiếng đồng_hồ,chàng_trai mới nói tiếp Nào,giờ thì mở_mắt ra Cô_gái nhìn mọi cảnh_vật xa_lạ hoang_vắng xung_quanh,cõi_lòng tràn_đầy chờ_mong Rồi sao anh Chàng_trai không trả_lời,chỉ rút một con iphone_6 ra đưa cho cô_gái Cô_gái kích_động kêu lên Yêu anh chết mất,món quà này tuyệt quá Chàng_trai lạnh_lùng Gọi điện cho bố_mẹ em,200 triệu,nói em nằm trong tay tôi Share_Nhi_Nhi 3, chàng_trai không trả_lời,chỉ rút một con iphone_6 ra đưa cho cô_gái 3,hnam cho mình hỏi mình muốn mua iphone_6s plus 12 giá_cả như_thế_nào
3,bà tưng đã trở_lại với điệu nhảy remix trên nền nhạc chuông của iphone_6
3,MÌNH muốn mua máy này Smartphone iphone_5 32GB quốc_tế tại ShopDunk
3,smartphone iphone_5 32gb quốc_tế tại shopdunk
2,kiểu này hết dám mua iphone_xài rồi
2,mình dung iphone_5s mà mãi không sử_dụng được imessage
3,sau khi iphone_6s chính_thức lên kệ với phiên_bản màu hồng và ngưng sản_xuất phiên_bản màu gold thì dự là thời_gian tới iphone_6 gold sẽ là hàng hiếm
1, sau hơn một tuần phát_hành,iphone_6s và 6s plus được bán ra,phá vỡ mọi kỷ_lục bán hàng từ trước đến nay của apple 3,ad đã thấy iphone trên tay anh_ấy
3,tôi cần 1 con iphone_5s cũ cũng được
1, Chào tháng 10,chào sáng mùa thu Sài_Gòn với khí trời thật mát_mẻ,em sắm áo mới cho dế iu đi chơi thôi Ốp hường kiểu_dáng iphone_6s và 6s plus mang tới cảm_giác nhẹ_nhàng cho buổi_sáng thứ 7 đẹp trời Giành cho ip 44s55s66s6plus6s plus Giá siêu 160k2 chiếc 1,ốp hường kiểu_dáng iphone_6s và 6s plus mang tới cảm_giác nhẹ_nhàng cho buổi_sáng thứ 7 đẹp trời
2,Thỉnh_thoảng em cắm sạc vào lại bị lỗi này rồi không vào điện là sao vậy các anh_chị trong shop Em mới mua con iphone_5lock ở shop hôm 110 xong
3,em mới mua con iphone_5lock ở shop hôm 110 xong
3,nhà mình có ốp này cho iphone_6 plus không nhỉ
2,đừng tưởng có tiền mới được xài iphone nhé các con giời
3,iphone_6 Plus của mình cần thay main mới bên bạn có không
3,Cộng_đồng mạng đãng xôn_xao tìm cô_gái trộm iphone trong clip này Có ai biết cô ta không
3, mình muốn mua kính thực_tế ảo dùng cả cho iphone_5 và ip 6,thì mua loại nào 3,biết đại_hàn nên cả nhà qua táo mua iphone tránh rét hết rồi
2,về đến nhà thì không thấy iphone của mình đâu cả
3, 8478 Cúi chào các trym ạ Vừa tròn 8 tiếng thẩm du à nhầm mộng_du em lật mình trở dậy_thì con Iphone 1280 của em báo là trời lạnh 9 độ thưa là gấu em nhắn_tin cho trym nào mê công_nghệ v Em giật cả mình nhưng buồn ái đéo nhịn được nên bất_đắc_dĩ thò trym ra khỏi chăn Ôi mẹ ơi em phát_hiện ra một sự_việc khủng_khiếp Em đoán là thằng bạn cùng phòng đêm qua đã làm_gì đó trong lúc em ngủ Chắc_chắn như_vậy thì mới ngắn thế_này chứ Em đo đúng còn bằng ngón_tay cái tức_là dài 3cm Em nhớ hôm_qua nó hẳn 3,5 cm cơ_mà Em tức lắm,định gọi cho bố_mẹ nhưng em sợ bố_mẹ mắng không chịu học lại cứ đua_đòi nên thôi Bây_giờ em đãng rất rối_bời Các chị nào đã có kinh_nguyệt,à nhầm kinh_nghiệm cho em hỏi là em phải xử_lí sao bây_giờ ạ Sắp tới sinh_nhật gấu em mà gấu em bảo là tổ_chức chỉ có em và gấu Nếu cứ như_thế_này em làm_gì còn mặt_mũi đi gặp gấu nữa Các chị giúp em với Có loại son nào mà dài 3cm không để em còn nói_phét với gấu 3, Xếp đội_hình Thưa với anh_em là toàn_bộ hình_ảnh nón bửa giờ là hình sản_phẩm thật em chụp tại shop nhé Cái nền đen là cái ghế salon trong shop,còn cái tường gỗ thực_ra là chổ treo đồ mà em đã dọn đồ đi để làm nền cho hình Hình em chụp bằng điện_thoại iphone chứ chẳng có cái máy nào xịn cả Và em là thằng chụp luôn chứ chả có thợ chụp nào cả Cây_nhà_lá_vườn hết,đồ có sao_chụp vậy,làm_ăn nhỏ lấy đâu ra tiền mà đầu_tư hình_ảnh chuyên_nghiệp Có vài chế cứ đòi hình sản_phẩm thật,em bí quá,không biết phải làm_sao cho hình nó là sản_phẩm thật hơn được nữa 3,hình em chụp bằng điện_thoại iphone chứ chẳng có cái máy nào xịn cả
3,e mới đọc zingvn xong biết điện_thoại iphone giảm quá không biết bên mình bản lock iphone_6 có giảm không để em còn biết tuần sau sang rước 1 em
3,vn xong biết điện_thoại iphone giảm quá không biết bên mình bản lock iphone_6 có giảm không
1, 3 Viết ra những điều đã đạt được trong năm cũ Không cần quá to_tát Đó có_thể là mua được ái tivi mới,mua được chiếc xe yêu_thích,sắm được_cái iphone_6s hay đơn_giản là bỏ được thói_quen ngủ nướng mỗi ngày Đó là một_cách động_viên tuyệt_vời nhất Nó sẽ giúp bạn có thêm nhiều động_lực cho năm mới 1,Èo èo Tin hot đây Em giày sinh_nhậteaker độn đế khoá nhũ đã túc tiệp về thêm đủ sz cho các khách iêu tha_hồ sắm_sửa diện rùi nhé Trời rét đi em này cũng ấm luôn ạ Độn đế tôn dáng mà chạy nhảy đi_lại vẫn thoải_mái lắm nhé Mau mau sắm ngay kẻo em nó hết mau lắm nha Sz từ 35 đến 38Add 51 Nguyễn_Trường_Tộ_Phone có sd imess và viber cho iphone nhé
3,4 mẹo sạc nhanh cho iphone không phải ai cũng biết
2,Các bạn cho mình hỏi minh đãng dùng chiếc iphone_6 mấy hôm_nay minh lên ios 921 thì_có hiện_tượng pin ảo Đang báo còn 20 pin tụt xuống 5 vậy_là bị làm_sao vậy
1, Chốt nốt tin_vui cuối ngày đây ạ Em áo_len cổ thuyền hết như 1 cơn gió nay đã quay trở_lại tạo Hot cho những ngày rét_mướt này nha đợt này cũng về trăm em thôi nên ai thích nhích luôn chứ mấy đợt trước về 1 2 hôm bay không còn chiếc nào r đấy ạ Màu nào cũng tây và dễ mặc lắm luôn mix với chân_váy hay quần skinny đều ok nhé Điệu_đà nhẹ_nhàng đúng chuẩn kiểu các chị_em đều mê Màu hồng,đen,ghiAdd 51 Nguyễn_Trường_Tộ_Phone có sd imess và viber cho iphone nhé 1, Thật không_thể tin được,đã có_thể đổi iphone lấy Bphone 3,Giả_dụ iphone_7 nó như_thế_này Thì_có ai cùng ad nhịn ăn sáng để mua không Mà rõ_ràng là samsung hay_sao ý nhỉ Nguồn_Internet
1, Xúc_Động 9h20 mở_cửa vào Chị ơi em lạnh quá,em vừa phi từ Văn_Điển đến đây Cho em cốc nước nóng và xem iphone_6 Plus với ạ Niềm_vui với chúng tớ chỉ đơn_giản như_vậy thôi,chỉ cần tin_tưởng và iu thương là đủ để xua_tan đi mọi giá_lạnh và mệt_mỏi của Táo rồi Một mùa_đông không lạnh bên các khách iu nào 3,cho em cốc nước nóng và xem iphone_6 plus với ạ
2,thế_này có_khi iphone lại bị tăng_giá
3, Lúc tháng 6 em có mua 1 iphone_5 lock tại cửa_hàng của mình,trong thời_gian bả hành bên mình có hỗ_trợ dịch_vụ nâng_cấp hệ_điều_hành và fix lỗi sim miễn không ạ 3,Mãi về sau cô mới nói là cô đi mua điện_thoại iphone
2, Vào_khoảng 9h40p mình đi từ cổng kcn tiên sơn xuống lim,vừa đi được 1 đoạn qua cổng kcn thì mình thấy 1 xe_máy đi chậm phía sau xe mình,thấy vậy nên mình cũng cảnh_giác rồi quay lại phía nhau nhìn thì thấy 1 nam thanh_niên khoảng ngoài 20t to_bđéo,mặt_mũi bảnh_bao,mặc áo somi cộc trắng Đi được 1 tí thì thấy hắn ta tiến lên ngang xe mình và giật chiếc iphone trong túi quần mình ra Lúc đó mình hoảng quá nên chỉ kêu AAAAlên,lúc ấy phía bên đường cùng chiều mình lại vắng_tanh mà chẳng có ai,do bị tên đó áp sát ng và giật điện_thoại nên t đã bị ngã ra đường Cả người và xe đều nằm dưới đất May_mà cái thai không bị sao,chứ hôm_nay mà mình bị sảy thai thì cái thằng mặt lồn tâm_hồn chó dại ấy sẽ ăn ngủ không yên CON_TAO_SẼ_VỀ_BÓP_CỔ_MÀY_CHO_ĐẾN_CHẾT đùa chứ dm nhìn cái mặt đâu đến_nỗi nào,đi xe ablade rõ oai mà ra đường cướp_giật Cái loại mày nốc cứt ăn mà sống qua_ngày thân gửi thằng mặt lồn nhé Mọi người đi đường cẩn_thận nhé Nhất_là túi_xách và điện_thoại Thằng mặt lồn tâm_hồn chó dại Tao gặp mày kiểu gì tao cũng nhận ra đấy con ạ Thành_viên hội Em_Đã_Khác chia_sẻ 2, Đi được 1 tí thì thấy hắn ta tiến lên ngang xe mình và giật chiếc iphone trong túi quần mình ra Lúc đó mình hoảng quá nên chỉ kêu AAAAlên,lúc ấy phía bên đường cùng chiều mình lại vắng_tanh mà chẳng có ai,do bị tên đó áp sát ng và giật điện_thoại nên t đã bị ngã ra đường 3, Mình ở nin bình muốn mua 1cay iphone_5s,cho hỏi tình_trạng may,bảo_hành,thanh_toán 3,cho mình hỏi Iphone 4 cũ giá bao_nhiêu ạ
2,Xin_phép adm Có bạn nào bị như mình không trả_lời giúp mình vs mình cảm_ơn nhiều Mình đãng sử_dụng iphone_5 máy từ ngày mua mới_tinh chưa qua sửa_chữa Hôm_nay tự dung cảm_ứng bị sao không biếtcứ dùng được tí lại bị đơ màn_hình Khoá xong trượt mở vẫn dùng được xong tí lại đơ Máy mình không dơi không dính nước Có ai bị như này không mách mình vs
3,Mình đãng sử_dụng iphone_5 máy từ ngày mua mới_tinh chưa qua sửa_chữa
2, Admin cho hỏi Mình mới mua iphone_5c lock tại Nam_Thủy 10 ngày Hiện_tại,sạc pin rất lâu khoảng hơn 3h và 1 bên tại nghe đã hỏng sau 10 ngày sử_dụng cho mình hỏi chính_sách chăm_sóc khách_hàng ra_sao và chất_lượng sản_phẩm thế_là sao 3,Admin cho hỏi Mình mới mua iphone_5c lock tại Nam_Thủy 10 ngày
3, iphone_5 anh có bán không ạ,và giá của nó là bao_nhiêu vậy anh 2, Anh ơi cho em hỏi,iphone5s của em giờ tắt nguồn quên mật_khẩu không mở được,giờ làm cách nào đây anh 3, Bạn cảm_thấy nhàm_chán với những tấm ảnh đại_diện thông_thường Bạn muốn một điều gì đó khác_biệt nhưng vẫn mang nét vui_tươi Không cần lo_lắng nữa,ứng_dụng i MadeFace sẽ giúp bạn giải_quyết được toàn_bộ những vấn_đề đó Ứng_dụng này đã có_mặt trên ios rồifan_Apple điểm_danh nào Xem thêm tại 1, Nhà_sản_xuất bắt_đầu nhá hàng thông_tin về iphone_7 rồi này Không biết lần này Apple sẽ đem tới bất_ngờ gì cho chúng_ta đây nhỉ Ad bắt_đầu háo_hức rồi đấy,các bạn thì_sao Xem thêm tại 3,Nhà_sản_xuất bắt_đầu nhá hàng thông_tin về iphone_7 rồi này
2,Vỏ thì Iphone mà phần_mềm lại là Android v v
1,iphone_7 thế_này thì bá_đạo quá 1,iphone Pro mang quá nhiều công_nghệ mới 1, iphone_7 hoàn_hảo quá,chỉ là không biết khi nào p 1, Ngoài iphone_6s,trong tháng 3,chào_đón cửa_hàng thứ 300 trên toàn_quốc,khách_hàng mua điện_thoại,laptop,máy_tính bảng tại FPT Shop sẽ được hoàn tiền đến 10 triệu đồng,mua trả_góp nhiều sản_phẩm mới với lãi_suất 0 2, Cảnh_báo lừa_đảo hàng dựng Đã xác_thực là iphone_5S nâng_cấp thay vỏ và gắn màn_hình lô to và hiển_thị như iphone_6S Main và pin và tất_cả đồ linh_kiện thì vẫn xài ip 5s China nó độ luôn cả màn_hình Kinh_khủng quá Ps video này là video rõ nhất,ace bấm vô chữ HD sẽ rỏ hơn từ_từ mà xem 3,Đã xác_thực là iphone_5S nâng_cấp thay vỏ và gắn màn_hình lô to và hiển_thị như iphone_6S
1,iphone6s giá này hấp_dẫn không anh_em D
3,Trước nhiều áp_lực thì Apple vẫn giữ quyết_định không unlock iphone theo yêu_cầu FBI Vì nếu mở được lần 1 sẽ có tiền_lệ lần 2 và nhiều lần tương_tự tiếp_theo tinhte
3, Qua nhiều hình_ảnh rò_rỉ gần đây cho thấy jack 35mm sẽ không còn trên iphone_7,phần ốp khu_vực camera to quá có_khi nào Apple trang_bị camera kép không anh_em D 3,Anh_em nghĩ sao nếu Apple iphone mới với màn_hình lớn 58 inch tinhte
1,Cả 2 em đều là một trong những smartphone xuất_sắc hiện_nay Nếu nâng_cấp máy mới anh_em sẽ chọn GalaxyS7 hay iphone_6s D tinhte
3,Nếu nâng_cấp máy mới anh_em sẽ chọn GalaxyS7 hay iphone_6s D
3,Rất có_thể năm sau thế_hệ iphone mới sẽ trang_bị màn_hình OLED
1,Nhiều thông_tin thú_vị được bật_mí quanh vụ_việc FBI yêu_cầu Apple unlock iphone
3,S7Edge cùng bơi nước với iphone_6s xem ai lặn nước lâu hơn D
1, Kết_quả thả rơi Galaxy S7Edge và iphone_6sPlus khá ấn_tượng,có_thể thất độ bền smartphone ngày được nâng lên 3,iphone giờ cũng pháT_Tướng dần v
1,iphone_7 sẽ đẹp luông_linh như một vật_phẩm đến từ_thiên đương Bạn sẽ điêu_đứng từ lần đầu_tiên khi nhìn thấy nó
3, Bên mình chuẩn_bị làm tại Đà_Nẵng,cần tuyển khoảng 20 khách đi dự Event từ 18h21h ngày 30 3122016 tại Hyatt_Regency_Đà_Nẵng,mọi chi_phí di chuyến Hà_Nội_Đà_Nẵng,SGĐ à Nẵng,chi_phí ăn_ở ks bên mình lo hết,mỗi khách tham_gia có cơ_hội được tặng iphone_6S Plus 128GB,ai tham_gia được inbox mình nhé vì mình cần gấp,các bạn chia_sẻ hộ mình Thanks 3,Cái này chắc là iphone_70
2,Đừng ai chơi dại mà chỉnh ngày_giờ về 111970 nhé iphone thành cục gạch đấy Apple sẽ cấp_tốc sửa lỗi này
2,iphone thành cục gạch đấy
1,iphone_7 thế_này thì bá_đạo quá 3,Đây la cach tao ra môt ưng dung iphone
1,Cảm_giác lần đầu nhìn thấy iphone_7 nó hồi_hộp làm_sao các bác ạ
3,Đắng lòng thanh_niên đăng bán iphone có tâm nhất hệ mặT_Trời
3, Phần nhựa dùng làm ăng ten mặt sau iphone_7 sẽ không mất đi,mà di_chuyển vị_trí mới,anh_em thấy sao có bớt xấu hơn chưa 1,Samsung_Galaxy S7 cho thấy họ đã cách_mạng mạnh_mẽ sản_phẩm của mình như_thế_nào Liên_tục so_kè với iphone những tính_năng đỉnh_cao độc_quyền trên sản_phẩm của mình
1,Liên_tục so_kè với iphone những tính_năng đỉnh_cao độc_quyền trên sản_phẩm của mình
3,Hãy để anh dẫn em về phía cuối đường ốp lưng PC 3D rất yêu cho người ấy nhé các nàng Có nhiều màu để chọn iphone_5 giá 90kem
2, Có bao_nhiêu chiếc iphone trong hình,99 các bạn trả_lời sai 3,Bạn có biết 1 sự_thật rằng Cứ khi nào một em bé chào_đời thì Apple bán được hẳn 2 chiếc iphone
2,8 dấu_hiệu cho thấy bạn đãng sử_dụng Iphone sai cách Chiếc iphone yêu_quý của bạn có_thể chết bất_đắc_kỳ_tử chỉ vì những thói_quen sai_lầm và đơn_giản này
2,8 dấu_hiệu cho thấy bạn đãng sử_dụng Iphone sai cách
2,Chiếc iphone yêu_quý của bạn có_thể chết bất_đắc_kỳ_tử chỉ vì những thói_quen sai_lầm và đơn_giản này
3,Ông nào bảo iphone là vô đối thì bơi vào đây
3, HOT_NHẤT_QUẢ_ĐẤT Hàng nóng vừa ra_lò vừa thổi vừa ăn,anh_em dùng iphone vào đọc hướng_dẫn ngay để fix lỗi sản_phẩm nhé Ad sẽ theo_dõi liên_tục,có gì không hiểu anh_em cứ để lại ý_kiến nhé 2, Vì vội_vàng đi dự đám_tang người_thân ở quê vợ,vị khách vô_tình làm rớt chiếc Iphone của mình trên chiếc taxi Trong lúc hoang_mang vi chẳng thấy điện_thoại đâu Tích tốc bà_xã của vị khách liền gọi cho đầu dây bên kia để tìm lại của mất thì một giọng nói cất lên và nói 2, Vì vội_vàng đi dự đám_tang người_thân ở quê vợ,vị khách vô_tình làm rớt chiếc Iphone của mình trên chiếc taxi 1, Just for fun Không biết trong tương_lai iphone có được trang_bị tính_năng này không nhỉ Nếu có thì quá là tuyệt_vời,chả bao_giờ phải sợ rơi vỡ màn nữa 3,Choáng với hiệu_ứng domino từ 10 nghìn chiếc iphone
3, Khi bạn mua một chiếc Iphone 4 Người khác mua được một chiếc máy_giặt Khi bạn mua 1 cái iphone 4s Người khác mua được_một_cái tủ_lạnh Khi bạn mua 1 chiếc iphone_5 Người khác lại mua được_một_cái điều_hòa cùng một_số đồ gia_dụng trong nhà Khi bạn mua một chiếc iphone_5S Người khác mua được_một_cái Laptop_Khi bạn mua một chiếc iphone_6 Người khác mua được_một_cái Tivi LCD màn_hình có kích thức 55 inch Khi bạn mua một chiếc iphone_6S Người khác lại mua được một bộ Sofa kiểu Tây_Khi những chiếc điện_thoại cũ của bạn đổi thành những chiếc chậu rửa mặt Inox_Thì người khác đã có nhà_riêng của mình rồi Với những người trẻ tuổi đãng phấn_đấu lập_nghiệp Thay_vì mua iphone,hãy dùng tiền để làm những việc khác có ý_nghĩa hơn Với con_trai thì hãy đầu_tư vào kinh_doanh,với con_gái thì hãy tiết_kiệm để chăm_sóc cho bản_thân mình,không nên quá chạy theo thời_đại mà bỏ lỡ nhiều việc lớn khác 2, Tính_năng chống trộm của iphone và Macbook quá kém Vào đêm_ngày 133 mới_đây,nhóm cán_bộ của FPT_IS khi đi công_tác tại Nghệ_An đã bị kẻ_gian đột_nhập trong lúc đãng ngủ và lấy đi một laptop Macbook,một iphone_5s,một iphone_6 Điều đáng chú_ý là ở hiện_trường thời_điểm đó còn có cả một điện_thoại bàn,một máy_tính_để_bàn có màn_hình 14 inch,dày khoảng hai gang tay,chạy Win98,cùng một con Nokia 1110i màn_hình đen_trắng,âm_thanh nổi,phím cao_su Tại_sao kẻ_trộm không lấy cả những thứ đó mà_lại chỉ lấy Macbook và iphone Lý_do rất dễ hiểu vì tính_năng chống trộm của Macbook và iphone quá kém,nên kẻ_trộm mới dễ_dàng lấy đi như_vậy Đây sẽ là gáo nước_lạnh giội vào niềm tự_hào của Apple khi mà cái tính_năng chống trộm trên Macbook,iphone được họ ca_ngợi hết_lời thực_ra còn thua cả điện_thoại bàn,thua cả máy_tính cổ_lỗ_sĩ đời_đầu,và thua cả một con Nokia cục gạch 2,Tính_năng chống trộm của iphone và Macbook quá kém
2, Vào đêm_ngày 133 mới_đây,nhóm cán_bộ của FPT_IS khi đi công_tác tại Nghệ_An đã bị kẻ_gian đột_nhập trong lúc đãng ngủ và lấy đi một laptop Macbook,một iphone_5s,một iphone_6 3,Tại_sao kẻ_trộm không lấy cả những thứ đó mà_lại chỉ lấy Macbook và iphone
2, Lý_do rất dễ hiểu vì tính_năng chống trộm của Macbook và iphone quá kém,nên kẻ_trộm mới dễ_dàng lấy đi như_vậy 2, Đây sẽ là gáo nước_lạnh giội vào niềm tự_hào của Apple khi mà cái tính_năng chống trộm trên Macbook,iphone được họ ca_ngợi hết_lời thực_ra còn thua cả điện_thoại bàn,thua cả máy_tính cổ_lỗ_sĩ đời_đầu,và thua cả một con Nokia cục gạch 3,iphone_5SE được tìm thấy tại 1 khu chợ Trung_Quốc_Ngạc nhiên chưa iphone_5SE
3,Rất có_thể dải nhựa anten trên iphone_7 sẽ trông như_thế_này
1,Một trong những tính_năng bá nhất của iphone_7 đây rồi
1,Hình_ảnh iphone_7 dựa theo các thông_tin bị rò_rỉ từ hôm_qua quá đẹp
3,Hình_ảnh iphone_7 dựa theo các thông_tin bị rò_rỉ từ hôm_qua
2,Khách thích iphone Khách không thích trả tiền Khách bày nhân_viên ăn_cắp máy để đem cho khách aevl đừng như khách
3, apple các ứng_dụng đãng chạy trong ios không giúp tiết_kiệm pin và đỡ lag hơn Rất nhiều người tin rằng việc sử_dụng tính_năng multitasking của ios,để ép đóng các ứng_dụng đãng chạy sẽ giúp thiết_bị của họ tiết_kiệm pin hơn hoặc cải_thiện tốc_độ khi mà chiếc iphone bỗng_dưng trở_nên chậm hoặc lag Tuy_nhiên sự_thật có_vẻ không phải như_vậy Phó_chủ_tịch cấp cao quản_lý công_nghệ_phần_mềm của apple Craig_Federighi cho_biết ios sẽ tự_động đóng các ứng_dụng khi nó cần nhiều bộ_nhớ hơn để chạy các ứng_dụng khác Và sự_thật là các ứng_dụng chạy đã_nhiệm của bạn không hề được chạy ở chế_độ nền,mà ios đã đóng_băng ngay từ khi bạn rời khỏi ứng_dụng đó và chỉ được kích_hoạt khi bạn quay trở_lại Chỉ trừ các ứng_dụng như nghe nhạc,ghi_âm,định_vị hay Skype_Tất cả các ứng_dụng được phép chạy nền,sau_này sẽ được đặt một biểu_tượng bên_cạnh biểu_tượng pin để bạn có_thể biết ứng_dụng nào đãng trong chế_độ chạy nền Thậm_chí việc tắt các ứng_dụng đãng chạy nền còn có_thể khiến cho thiết_bị của bạn tiêu_hao nhiều pin hơn Vì khi đã tắt các ứng_dụng đó,việc khởi chạy lại sẽ làm cho hệ_thống phải load lại dữ_liệu vào RAM Bạn sẽ mất nhiều thời_gian hơn và tốn pin hơn Apple cũng cung_cấp cho bạn một công_cụ để có_thể biết được ứng_dụng nào tiêu tốn nhiều pin nhất Bạn có_thể vào Settings_Battery và kđéo xuống mục Battery_Usage_Tại đây sẽ có danh_sách các ứng_dụng ngốn pin nhất được thống_kê theo 24 giờ hoặc 7 ngày Nếu là các ứng_dụng không cần_thiết,bạn có_thể hạn_chế bằng cách không cho_phép nó xuất_hiện trong Background_App_Refresh đây là các ứng_dụng được phép chạy ngay cả khi bạn đã thoát ra khỏi ứng_dụng đó Tính_năng multitasking dùng để force quit một ứng_dụng nào_đó đãng chạy,chỉ nên được sử_dụng khi bạn muốn tắt một ứng_dụng khi bị treo hoặc bị lỗi Tham_khảo macrumors 3, Rất nhiều người tin rằng việc sử_dụng tính_năng multitasking của ios,để ép đóng các ứng_dụng đãng chạy sẽ giúp thiết_bị của họ tiết_kiệm pin hơn hoặc cải_thiện tốc_độ khi mà chiếc iphone bỗng_dưng trở_nên chậm hoặc lag 3,Đệt iphone_7 plus thật các mẹ ạ
1, Khó tin nhưng chắc sẽ có thật,iphone_7 có camera kép 3,Xin_lỗi anh chỉ là thằng bán iphone yêu nghề kkk
3, Trò_đùa cũ_rích mà vẫn rất nhiều người bị lừa,làm_gì có chuyện tặng 100 iphone_6s,xe_máy,ô_tô đắt tiền dễ thế được Dù_sao thì cũng tạo thành trào_lưu troll ăn_theo khá vui 2, Trò_đùa cũ_rích mà vẫn rất nhiều người bị lừa,làm_gì có chuyện tặng 100 iphone_6s,xe_máy,ô_tô đắt tiền dễ thế được 2, Đầu_tiên là 5 cái mẹc,và giờ là 20 cái SH và 100 cái iphone_6s Plus_Mấy ngày này rất nhiều người ăn quả_lừa 3, Đầu_tiên là 5 cái mẹc,và giờ là 20 cái SH và 100 cái iphone_6s Plus 1,Nói không phải ngoa chứ gái nào dùng iphone cũng xinh
3,Ai đủ bình_tĩnh cho Ad hỏi Đây là Iphone gì mà to quá vậy
2,Các thanh_niên đừng có dại mà tự so_sánh mình với iphone nhé
2, Trong những ngày gần đây,xôn_xao khắp mạng xã_hội Facebook_Việt_Nam là những dòng chia_sẻ về chương_trình tặng miễn_phí xe ô_tô Mercedes_Benz hay iphone_6S Thế_nhưng,ít ai nghĩ rằng,đằng sau đó lại là màn dàn_dựng tinh_vi và mang đầy tính_chất lừa_đảo 3, Trong những ngày gần đây,xôn_xao khắp mạng xã_hội Facebook_Việt_Nam là những dòng chia_sẻ về chương_trình tặng miễn_phí xe ô_tô Mercedes_Benz hay iphone_6S 3, Có nên đợi mua iphone_se Dự_kiến Apple sẽ công_bố iphone_se vào ngày 213 hoặc 223,thiết_bị màn_hình 4 inch giá có_thể từ 9 triệu đồng chưa xac thưc Vậy liệu với mức giá ấy,đây có phải là một chiếc điện_thoại đáng để mọi người phải chờ_đợi để mua Hay xem qua nhưng điêm đãng chu y vê chiêc iphone mơi theo như nhưng thông_tin ro ri trươc đây nhe Về kích_thước màn_hình iphone_se sẽ có màn_hình 4inch là sản_phẩm nhắm đến đối_tượng là những khách_hàng muốn một thiết_bị iphone nhỏ gọn và dễ_dàng sử_dụng với một tay Về kiểu_dáng Hiện kiểu_dáng của iphone_se còn gây nhiều tranh_cãi,trong đó đáng chú_ý là trang 9to5mac cho rằng sản_phẩm sẽ có thiết_kế giống iphone_55S,còn tài_khoản Onleaks trên Twitter và trang công_nghệ Curved thì tin máy kế_thừa thiết_kế của iphone_6 Về cấu_hình Chiêc iphone mơi cua Apple đươc ky vong trang bi chip A9,RAM 1GB,bô nhơ lưu trư tich hơp 1664GB,may anh chinh 12 megapixel va tich hơp NFC,apple giữ ở mức dung_lượng khoảng 1642 mAh Tư didongvietvn 3,Có nên đợi mua iphone_se
3, Dự_kiến Apple sẽ công_bố iphone_se vào ngày 213 hoặc 223,thiết_bị màn_hình 4 inch giá có_thể từ 9 triệu đồng chưa xac thưc 3,Hay xem qua nhưng điêm đãng chu y vê chiêc iphone mơi theo như nhưng thông_tin ro ri trươc đây nhe
3,Về kích_thước màn_hình iphone_se sẽ có màn_hình 4inch là sản_phẩm nhắm đến đối_tượng là những khách_hàng muốn một thiết_bị iphone nhỏ gọn và dễ_dàng sử_dụng với một tay
3, Về kiểu_dáng Hiện kiểu_dáng của iphone_se còn gây nhiều tranh_cãi,trong đó đáng chú_ý là trang 9to5mac cho rằng sản_phẩm sẽ có thiết_kế giống iphone_55S,còn tài_khoản Onleaks trên Twitter và trang công_nghệ Curved thì tin máy kế_thừa thiết_kế của iphone_6 3, Về cấu_hình Chiêc iphone mơi cua Apple đươc ky vong trang bi chip A9,RAM 1GB,bô nhơ lưu trư tich hơp 1664GB,may anh chinh 12 megapixel va tich hơp NFC,apple 2, Vì_sao Bill_Gates cấm vợ_con ông sử_dụng sản_phẩm của apple 2009,vợ Bill_Gates bà Melinda_Gates đã tiết_lộ với báo_giới rằng bà và 3 đứa con không được phép sử_dụng các sản_phẩm của apple rất ít thứ bị cấm trong gia_đình tôi,trong đó i Pod và iphone là thứ các con chúng_tôi không được phép sử_dụng Tuy_nhiên tôi nhìn các bạn tôi sử_dụng iphone thì tôi thấy cũng hay đấy chứ Melinda_Gates chia_sẻ Năm 2012,trong một cuộc phỏng_vấn bà cho_biết rằng luật cấm vẫn còn hiệu_lực tuy các con của ông_bà đã hỏi sử_dụng sản_phẩm của apple chúng được cung_cấp các sản_phẩm của microsoft thay_thế Tuy_nhiên trong năm 2014,người_ta đã phát_hiện Bill_Gates đãng sử_dụng một chiếc iphone_5s màu trắng có gắn case màu đỏ,sau đó ông xác_nhận rằng đó chỉ để phục_vụ việc thử_nghiệm hiệu_năng của đối_thủ Lí_giải cho điều này,Bill_Gates và gia_đình ông được coi là gương_mặt đại_diện cho microsoft_Apple đã từng kiện microsoft ra toà cho_nên sự căng_thẳng giữa hai công_ty lớn dần,nếu Bill_Gates hay bất_kì ai trong gia_đình ông sử_dụng sản_phẩm từ đối_thủ sẽ gây tiếng xấu cho cả công_ty và có_thể ông không còn được các nhân_viên coi_trọng Vậy nên việc cấm gia_đình ông sử_dụng sản_phẩm của đối_thủ là điều hợp_lí 2, Có rất ít thứ bị cấm trong gia_đình tôi,trong đó i Pod và iphone là thứ các con chúng_tôi không được phép sử_dụng 1,Tuy_nhiên tôi nhìn các bạn tôi sử_dụng iphone thì tôi thấy cũng hay đấy chứ Melinda_Gates chia_sẻ
3, Tuy_nhiên trong năm 2014,người_ta đã phát_hiện Bill_Gates đãng sử_dụng một chiếc iphone_5s màu trắng có gắn case màu đỏ,sau đó ông xác_nhận rằng đó chỉ để phục_vụ việc thử_nghiệm hiệu_năng của đối_thủ 3,Tiếp_tục giải_quyết vấn_đề đầy bộ_nhớ trên iphone nào
1,Cảm_ơn những khách_hàng thân_thiết đã ủng_hộ Iphonedep thời_gian qua ạ
1, Sau nhiều vụ_việc liên_quan đến FBI và các yêu_cầu bảo_mật,Apple đã chính_thức tuyên_bố sẽ tiếp_tục pháT_Triển để iphone trở_thành một trong những chiếc điện_thoại thông_minh an_toàn nhất thế_giới Đây là phát_biểu được đại diên Apple trả_lời tờ New_York_Times trong một bài phỏng_vấn gần đây Các fan của trái táo cắn dở có tin_tưởng vào mức_độ bảo_mật của em dế cưng không 1, Sau nhiều vụ_việc liên_quan đến FBI và các yêu_cầu bảo_mật,Apple đã chính_thức tuyên_bố sẽ tiếp_tục pháT_Triển để iphone trở_thành một trong những chiếc điện_thoại thông_minh an_toàn nhất thế_giới 1, Có tin_đồn cho rằng năm sau Apple sẽ iphone 4 với chip A9 và vỏ kim_loại với giá rẻ hơn cả 6S hiện_nay Cá_nhân ad vẫn thích mẫu thiết_kế của iphone 4,việc pháT_Triển lại mẫu này chắc_chắn sẽ khiến nhiều ifan thích_thú,còn các bạn thì_sao 1,Có tin_đồn cho rằng năm sau Apple sẽ iphone 4 với chip A9 và vỏ kim_loại với giá rẻ hơn cả 6S hiện_nay
1, Cá_nhân ad vẫn thích mẫu thiết_kế của iphone 4,việc pháT_Triển lại mẫu này chắc_chắn sẽ khiến nhiều ifan thích_thú,còn các bạn thì_sao 3,Sự khác_nhau giữa Android và Iphone
1, Anshuman một nghệ_sĩ thuộc trường_phái thị_giác tại Nam_Phi mới_đây đã đăng_tải lên trang cá_nhân của mình những bức hình ngộ_nghĩnh và đầy sáng_tạo với chiếc điện_thoại iphone Mời cả nhà cùng xem nhé,Ad phải xem đi xem_lại mấy lần rồi download ảnh về luôn,cực_kỳ sáng_tạo FPTArena 1,Anshuman một nghệ_sĩ thuộc trường_phái thị_giác tại Nam_Phi mới_đây đã đăng_tải lên trang cá_nhân của mình những bức hình ngộ_nghĩnh và đầy sáng_tạo với chiếc điện_thoại iphone
1, Hạnh_phúc là được thể_hiện phong_cách bản_thân,được theo_đuổi niềm đãm_mê riêng,được quyết_định làm điều mình muốn Đấy là thông_điệp mà cuộc_thi Chụp ảnh cùng Attila_Passing EFI muốn gửi đến cộng_đồng BTC hi_vọng cuộc_thi sẽ khơi nguồn cảm_hứng,giúp cho tất_cả các bạn tham_gia cuộc_thi nói_riêng cũng_như cộng_đồng Attila_Passing EFI dám tự_tin thể_hiện bản_thân,theo_đuổi những mơ_ước ấp_ủ và tìm được niềm hạnh_phúc thật_sự khi làm được điều mình mong_muốn Cuối_cùng,cuộc_thi đã khép lại và cũng đã tìm được chủ_nhân của giải chung_cuộc là siêu phẩm iphone_5,đó chính là bạn Liem_Nguyen_Hoang_Xin chúc_mừng bạn đã nhận được giải_thưởng Mong bạn sẽ luôn thành_công và dám tự_tin theo_đuổi niềm đãm_mê của mình trong cuộc_sống bạn nhé Hạnh_phúc của bạn là gì Hãy chia sẽ với cộng_đồng Attila_Passing EFI 3, Cuối_cùng,cuộc_thi đã khép lại và cũng đã tìm được chủ_nhân của giải chung_cuộc là siêu phẩm iphone_5,đó chính là bạn Liem_Nguyen_Hoang 3, Thông_báo người chiến_thắng chung_cuộc Các bạn ơi Cuối_cùng thì cuộc_thi Chụp Ảnh Cùng_Attila_Passing EFI đã khép lại sau 6 tuần tranh_đua hấp_dẫn Và giải_thưởng chung_cuộc là siêu phẩm công_nghệ iphone_5 đã thuộc về bạn Liem_Nguyen_Hoang_Xin chúc_mừng BTC xin gửi lời cảm_ơn đến các thí_sinh đã tham_gia cuộc_thi cũng_như cộng_đồng SYM Attila_Passing EFI đã theo_dõi và ủng_hộ chương_trình suốt thời_gian qua BTC sẽ cải_thiện hệ_thống để tránh các sự_việc gian_lận và tạo công_bằng cho tất_cả các bạn tham_gia ở chương_trình kể tiếp Hỏi_nhỏ nhé,các bạn muốn du_lịch cùng Attila_Passing EFI không,hãy theo_dõi thông_báo tiếp_theo từ Admin các bạn nhé 3,Và giải_thưởng chung_cuộc là siêu phẩm công_nghệ iphone_5 đã thuộc về bạn Liem_Nguyen_Hoang
1, CHƯƠNG_TRÌNH_KHÁCH_HÀNG_THÂN_THIẾT Tất_cả giao_dịch của bạn với Sacombank đều sẽ được tích điểm để được đổi những phần quà vô_cùng hấp_dẫn như Laptop,Iphone,tranh_phong thủy,phiếu mua_sắm du_lịch,chơi golf đấy nhé Đặc_biệt,bạn còn có cơ_hội trở_thành khách_hàng VIP của Sacombank dựa trên điểm tích_lũy giao_dịch Tham_gia Khách_hàng thân_thiết,bạn còn được ưu_tiên giao_dịch tại quầy,nhận hoa và quà nhân ngày sinh_nhật hay ngày thành_lập doanh_nghiệp Hãy giao_dịch với Sacombank để tận_hưởng nhiều ưu_đãi hấp_dẫn bạn nhé Liên_hệ 1900 5555 88 hoặc truy_cập để biết thông_tin chi_tiết Chương_trình này ngay thôi 1, Tất_cả giao_dịch của bạn với Sacombank đều sẽ được tích điểm để được đổi những phần quà vô_cùng hấp_dẫn như Laptop,Iphone,tranh_phong thủy,phiếu mua_sắm du_lịch,chơi golf đấy nhé 1, Đọc nhiều hơn,chi_phí rẻ hơn Trên cả ipad,iphone,android,và trình_duyệt 3, Trên cả ipad,iphone,android,và trình_duyệt 1, Chưa nơi nào nhân_viên có nhiều quyền tự_do cá_nhân như ở FSOFT Đây là khẳng_định của Nguyễn_Ích_Hoàn FSU11BU8 Hoàn cũng là chủ_nhân may_mắn của chiếc iphone_6s trong chương_trình RUF Offline quý IV do Trung_tâm tuyển_dụng REC tổ_chức vào đầu tháng 1 vừa_qua Có bạn nào muốn nhận iphone_6S như bạn Hoàn không Gia_nhập đại_gia_đình FSOFT và Tham_gia ngay Chương_trình Giới_thiệu ứng_viên RUF nhé Bên_cạnh mức thưởng hiện_kim hấp_dẫn,những chiếc iphone_6S,Surface_Pro hay những chuyến du_lịch Nhật_Bản và xa hơn_nữa đãng chờ đón các bạn FSOFTer nhé RUFFSOFTCOMVN TuyenDungFSOFT 1,Hoàn cũng là chủ_nhân may_mắn của chiếc iphone_6s trong chương_trình RUF Offline quý IV do Trung_tâm tuyển_dụng REC tổ_chức vào đầu tháng 1 vừa_qua
3,Có bạn nào muốn nhận iphone_6S như bạn Hoàn không 1, Bên_cạnh mức thưởng hiện_kim hấp_dẫn,những chiếc iphone_6S,Surface_Pro hay những chuyến du_lịch Nhật_Bản và xa hơn_nữa đãng chờ đón các bạn FSOFTer nhé RUFFSOFTCOMVN TuyenDungFSOFT 3,Ai thích dùng iphone lock thì mua ngay kìa
3,Nếu nâng_cấp máy mới anh_em sẽ chọn GalaxyS7 hay iphone_6s
3,Rất có_thể năm sau thế_hệ iphone mới sẽ trang_bị màn_hình OLED
1,Nhiều thông_tin thú_vị được bật_mí quanh vụ_việc FBI yêu_cầu Apple unlock iphone
3,S7Edge cùng bơi nước với iphone_6s xem ai lặn nước lâu hơn
3, BẠN_CÓ_BIẾT Ford_Focus cũng nằm trong bộ sưu_tập xe của nhiều người nổi_tiếng 1 Bill_Gates đã từng đi làm trên một chiếc Focus 2 Đức_Giáo hoàng Francis cũng từ_bỏ chiếc xe đắt tiền khác để chọn Ford_Focus làm_công xa của mình 3 Vợ_chồng nữ diễn_viên từng đoạt giải Oscar_Reese_Witherspoon sở_hữu chiếc Ford_Focus màu bạc 4 Ca_sĩ người Anh Lily_Allen sắm cho mình một chiếc Ford_Focus RS xanh lá độc_đáo Bạn đã sở_hữu dòng xe hot này chưa Hãy tham_gia lái thử Focus vào cuối tuần này để trải_nghiệm và có cơ_hội trúng một chiếc Focus_Mới và 26 chiếc iphone_6S Hà_Nội_Ngày 23,241 tại TTTM Vincom_Long_Biên TP_HCM Ngày 23,241 tại KCX Tân_Thuận,Q7 Đường 24 3, LÁI_THỬ_FOCUS_MỚI_TRÚNG_FOCUS_MỚI Bạn muốn thử cảm_giác sau tay_lái Ford_Focus tuyệt_vời như_thế_nào Bạn muốn có cơ_hội trúng một chiếc Focus_Mới và hàng chục chiếc iphone_6S sành_điệu Hãy đăng_ký lái thử xe để có tất_cả những cơ_hội ngay hôm_nay Nhấp chuột để đăng_ký Thời_gian và địa_điểm các buổi lái thử như sau Hà_Nội 16 171 Sân_vận_động Mỹ_Đình 23 241 Vincom_Long_Biên TP_HCM 16171 và 23241 Khu_chế_xuất Tân_Thuận,P_Tân_Thuận_Đông,Q7,HCM 3,Bạn muốn có cơ_hội trúng một chiếc Focus_Mới và hàng chục chiếc iphone_6S sành_điệu
3, Thời_buổi này Chưa cưới thì ở với nhau như đã cưới rồi Còn cưới rồi thì nằm chia giường như chưa hề đưa nhau ra phường đăng_ký Vật_nuôi thì áo quấn như con_người Người thì nude không khác_gì con vật Còn trẻ thì già_đời triết_lí như ông_cụ Trong khi người_lớn thì lại suy_nghĩ ấu_trĩ như trẻ_con Gái thì nam_tính hùng_hổ không khác_gì đàn_ông Trai thì ẻo_lả không khác_gì phụ_nữ Thằng không có_của thì tiêu tiền như rác,tỏ ra không khác_gì đại_gia Người giàu thật thì giả nghèo giả khổ Đứa có hình xăm thì y_như không chịu được nóng Người dùng iphone thì quần chả bao_giờ có túi Kẻ đeo đồng_hồ thì thường hay vỗ đùi Thằng bọc răng vàng thì hay cười nhếch mép Lâu dần chợt nhận ra Kẻ đeo đồng_hồ 500 hay 5 triệu cũng đều như nhau Hút bao thuốc 20k hay 100k cũng đều mắc bệnh lao_phổi Ở nhà 30m2 hay 300m2 khi cô_đơn cũng chỉ cùng 1 tên gọi Ngồi ghế thương_gia hay ghế siêu tiết_kiệm thì khi máy_bay mấT_Tích cũng chẳng còn đường mà quay về Đôi_khi nếu biết hài_lòng với cuộc_sống thì sẽ bình_yên cả thôi Các học_sinh ở Trường_Đời hãy đọc và suy_ngẫm Cóc 3, TẠO_ẤN_TƯỢNG_ĐẦU_NĂM_CÙNG_NƯỚC_HOA_THƠM_PHỨC_TẶNG 2 USD_MAY_MẮN_CAM_KẾT mang tới cho bạn mùi hương thật TUYỆT khi đi chơi đầu năm Chỉ 350k,có ngay hương nước_hoa quyến_rũ của riêng bạn Xuất_xứ Singapore,chuẩn Code đáy chai check dễ trên iphone,lưu hương 6 giờ đảm_bảo Giá 350000 VNĐ 100ml 1,LOA_LOA_LOA_ĐÃ_TÌM_RA_NGƯỜI_CHIẾN_THẮNG Chúc_mừng bạn Nguyễn_Trâm đã trở_thành người chiến_thắng chung_cuộc cuộc_thi Dám chọn thách_thức để nhận được 1 chiếc điện_thoại iphone_6 Plus_Chính vì những nỗ_lực vượt qua bản_thân để học_tập một môn thể_thao hoàn_toàn mới đã nhận được sự bình_chọn từ BTC chương_trình và cả lượt vote nhiệT_Tình của người tham_gia Nhanh_nhanh liên_hệ với BTC để hoàn_thành thủ_tục nhận giải_thưởng trước Tết nhé Nguyễn_Trâm_Dù chương_trình đã có người chiến_thắng chung_cuộc nhưng chúng_ta vẫn còn cơ_hội để tham_gia trở_thành người may_mắn nhận được 10 card điện_thoại 50K mỗi ngày đấy Tham_gia ngay đi chương_trình chỉ kđéo_dài đến ngày 31012016 thôi
1,Chúc_mừng bạn Nguyễn_Trâm đã trở_thành người chiến_thắng chung_cuộc cuộc_thi Dám chọn thách_thức để nhận được 1 chiếc điện_thoại iphone_6 Plus
3, mini game ĐÁP_ÁN_LÀ_GÌ wwwdamchonthachthuccomvn Vị_trí dấu_chấm_hỏi sẽ là gì Number 1 Chanh,điện_thoại Iphone hay Samsung_Comment ngay nhé,10 bạn có câu trả_lời đúng và may_mắn nhất sẽ nhận được 10 card điện_thoại trị_giá 50K nha Mạnh_tay like và share post để có cơ_hội nhận quà nhe Number1Chanh Damchonthachthuc 3, Number 1 Chanh,điện_thoại Iphone hay Samsung 1, Thật tuyệt nếu được đi chơi Tết,trong tay là chiếc smartphone iphone_6s hay i Pad_mini vô_cùng sang chảnh phải không các fans 3, Các game thủ nhà mình tranh tài tại OSLA League tới đâu rồi Kiểm_tra thử xem mình đã lọt vào top BXH chưa nhé Đừng quên những phần quà khủng iphone_6s,iPad mini và áo đấu của HAGL vẫn còn đãng chờ những fans xuất_sắc nhất OSLA League,dễ chơi,dễ trúng Tham_gia ngay wwwkhatvongchienthangcom Osla_Khat VongChienThang 1, Đừng quên những phần quà khủng iphone_6s,iPad mini và áo đấu của HAGL vẫn còn đãng chờ những fans xuất_sắc nhất 1, News_App hay mỗi ngày Game mang bạn đến với những đường đua dài bấT_Tận và cực_kì khốc_liệt,cảm_giác lái_xe chân_thực 100 và những vòng đua thú_vị ngay trên iphone,iPad,iPod Touch_Thông tin chi_tiết và tải về tại đây Xem thêm các app hay khác tại AppstoreChamVn Tải miễn_phí mọi game,mọi ứng_dụng dù tính phí hay không tính phí trên ios bằng cách cài_đặt và sử_dụng Appvn tại 2, Nếu_như bạn đãng sở_hữu một chiếc iphone,hẳn bạn sẽ biết rằng gần_như không có cách nào để xóa_bỏ các ứng_dụng mặc_định của ios 2, Nếu chỉ biết nghe,gọi và chụp ảnh thì phí iphone lắm đó 1,Gần đây nhất ngôi_sao Galaxy S7 và S7 Edge đã được Samsung giới_thiệu trên thị_trường Thế các fan của Táo khuyết mong_đợi gì cho siêu phẩm iphone_7 7 Plus nào Nhiều tin_đồn cho rằng bộ đôi iphone_7 7 Plus sẽ là sản_phẩm cho cuộc cách_mạng về thiết_kế cũng_như cấu_hình mạnh_mẽ từ ông trùm apple phá ngay
3, ios Vũ_khí giúp Apple biến iphone sống khác đi so với đối_thủ cạnh_tranh Bắt_đầu_từ những thứ đơn_giản nhất,ios trên iphone đã chuyển_hoá như_thế_nào 1, Vô_vàn phần_thưởng outgame cực khủng như iphone_6 Plus,Samsung_Galaxy S6 Edge,Màn_Hình_Máy_Tính_Asus 27,Bàn_Phím_Razer_Chroma,Chuột_Razer_Naga_Hex,Tai_Nghe_Sades_Gaming đãng chờ đón các vũ_công trong những vòng quay số của game Cửu_Tinh_Vô_Song_Tham gia ngay tại 3, TIN_HOT Xe SH,iphone_6 sẽ thuộc về ai Chương_trình RINH_SH_DU_XUÂN_ẤT_MÙI sẽ kếT_Thúc lúc 23h59 ngày 1003 Rất nhiều giải_thưởng giá_trị cực Khủng như XE_SH 125,5 chiếc iphone_6,1 IPAD_miNI 3 Retina,2 TV_LED SamSung 32 vẫn chưa tìm được chủ_nhân may_mắn Tham_gia ngay kẻo lỡ các tình_yêu ơi Tham_gia chương_trình tại đây 1, Từ ngày 0902 đến 1003 tham_gia chương_trình RINH_SH_DU_XUÂN_ẤT_MÙI các bạn sẽ có cơ_hội nhận được xe SH 125,iphone_6 cùng rất nhiều phần_thưởng đặc_biệt giá_trị cả trong game lẫn ngoài game HOÀN_TOÀN_miỄN_PHÍ Chi_tiết xem tại 3,MWC 2016 cho thấy các đối_thủ của Apple dường_như không còn đưa ra những tính_năng gần giống trên iphone như những năm trước_đây
3, Kiểu_dáng của iphone_5SE về cơ_bản không thay_đổi so với iphone_5S,nhưng nút nguồn được dời về cạnh bên giống iphone_6 và 6S 2, Apple là ví_dụ cho sự đi xuống của làng điện_thoại khi iphone_6s bị chê là không có gì mới_mẻ so với iphone_6,trong khi Samsung,hãng điện_thoại lớn nhất thế_giới,cũng giảm lợi_nhuận 7,3 3, VÕ_LÂM_CHI_MỘNG_TRI_ÂN_NHÂN_SĨ iphone_6S,tượng vàng,iPad 4,bàn_phím,chuộtđãng chờ chủ_nhân Mùa quà tặng cuối năm,anh_em mau vào chiến nhé Rinh quà tại 3,Đăng_ký ngay Quà liền_tay Chơi game Thương_Khung_Chi_Mộng 3D Mobile cùng midu rinh ngay iphone_6s Plus_Link TKCM miduTrởLại
3, Bạn có biết,chỉ cần đặt 2 ngón_tay vào giữa bàn_phím,rồi kđéo sang 2 bên thì bàn_phím sẽ chia thành 2 nửa 3, Sau_Docs và Sheets,Google tiếp_tục cho ứng_dụng Slides dành cho người dùng iphone và i Pad_Slides là ứng_dụng giúp khởi tạo,xem và chỉnh_sửa bài thuyếT_Trình ngay trên các thiết_bị di_động Link tải 3, Ứng_dụng bàn_phím không thể bỏ lỡ cho iphone,iPad 1, Moborobo không_chỉ là ứng_dụng quản_lý thiết_bị Android,iphone,iPad miễn_phí,mà_còn cho_phép bạn download và cài_đặt ứng_dụng,gửi và đọc tin nhắn SMS từ máy_tính của mình x Có_thể chuyển danh_bạ từ điện_thoại thông_minh này sang điện_thoại thông_minh khác,sao lưu và phục_hồi danh_bạ nữa nhé 1, Moborobo không_chỉ là ứng_dụng quản_lý thiết_bị Android,iphone,iPad miễn_phí,mà_còn cho_phép bạn download và cài_đặt ứng_dụng,gửi và đọc tin nhắn SMS từ máy_tính của mình x 1, Với ios 8,lần đầu_tiên Apple cung_cấp khả_năng chụp hẹn giờ cho những thiết_bị di_động của hãng với lựa_chọn 3 hoặc 10 giây Ngoài_ra,bạn cũng có_thể quay clip Timelapse dễ_dàng chỉ với 1 chiếc iphone trong khi nhiếp_ảnh Timelapse trước_đây thường được thực_hiện bởi các thiết_bị chuyên_dụng và qua nhiều công_đoạn ghép mới đạt được một đoạn video hoàn_chỉnh 1, Ngoài_ra,bạn cũng có_thể quay clip Timelapse dễ_dàng chỉ với 1 chiếc iphone 3, Ứng_dụng chia_sẻ hình_ảnh và video tốc_độ cao,trực_tiếp từ iphone,iPad WeTransfer là ứng_dụng giúp người sử_dụng iphone,iPad chia_sẻ hình_ảnh và video với tốc_độ cao mà không cần kết_nối máy_tính Ứng_dụng tích_hợp nhiều cử_chỉ điều_khiển thay_vì nút bấm thông_thường Bạn chỉ cần vuốt tay để tìm tệp_tin hình_ảnh,video muốn chia_sẻ,lựa_chọn và nhấn nút gửi WeTransfer sẽ tải lên tệp_tin được chọn và gửi tới người nhận dưới dạng một email có kèm đường link tải Hiện_tại,bạn có_thể tải WeTransfer miễn_phí từ kho ứng_dụng AppStore Tuy_nhiên,nếu chịu chi 10 USDtháng,bạn sẽ sở_hữu tài_khoản Plus có dung_lượng lưu_trữ tăng lên 50GB so với 10GB mặc_định Link tải 1, Ứng_dụng chia_sẻ hình_ảnh và video tốc_độ cao,trực_tiếp từ iphone,iPad WeTransfer là ứng_dụng giúp người sử_dụng iphone,iPad chia_sẻ hình_ảnh và video với tốc_độ cao mà không cần kết_nối máy_tính 3, iphone_6 đãng giảm_giá,đập vài cái cũng không sao mà Hổng biết thật hay giả mà ngó xót của quá Coi_Hoài_Linh bị đập Iphone không thương_tiếc nè popsmusic changhexuquang TruongGiang HoaiLinh DamVinhHung CamLy 1, iphone_6 đãng giảm_giá,đập vài cái cũng không sao mà 3,Coi_Hoài_Linh bị đập Iphone không thương_tiếc nè
3,Cách mở khóa iphone không cần mật_khẩu
3, iphone_5se sẽ có vỏ 5s,ruột 6s Chuân bi mua điên thoai mơi cac ban ơi Mới_đây,một hãng sản_xuất case cho iphone đã tiết_lộ bản_vẽ thiết_kế cho thấy iphone_5se sẽ có thiết_kế và kích_thước không khác nhiều so với iphone_5s Theo bản thiết_kế này,iphone_5se sẽ có thiết_kế khá vuông_vức,chỉ bo tròn ở các góc mà không bo tròn ở hai cạnh bên như iphone_6 Chính vì_vậy mà chúng_ta có_thể thấy thiết_kế này giống với iphone_5s trước_đây Một thay_đổi khác dễ nhận thấy là các phím âm_lượng được thiết_kế theo hình_tròn và phím nguồn cũng được đặt ở cạnh bên của máy Bên_cạnh đó,nguồn tin này cũng cho_biết phần đường viền của mặt kính cũng được làm cong hơn một_chút so với iphone_5s,để giúp thao_tác vuốt không bị vướng và thoải_mái hơn Tư genkvn 3, iphone_5se sẽ có vỏ 5s,ruột 6s 3, Mới_đây,một hãng sản_xuất case cho iphone đã tiết_lộ bản_vẽ thiết_kế cho thấy iphone_5se sẽ có thiết_kế và kích_thước không khác nhiều so với iphone_5s 3, Theo bản thiết_kế này,iphone_5se sẽ có thiết_kế khá vuông_vức,chỉ bo tròn ở các góc mà không bo tròn ở hai cạnh bên như iphone_6 3,Chính vì_vậy mà chúng_ta có_thể thấy thiết_kế này giống với iphone_5s trước_đây
1, Bên_cạnh đó,nguồn tin này cũng cho_biết phần đường viền của mặt kính cũng được làm cong hơn một_chút so với iphone_5s,để giúp thao_tác vuốt không bị vướng và thoải_mái hơn 2, Tim_Cook lên sóng truyền_hình nói rằng FBI đãng dồn họ đến chân tường Hôm thứ 4 vừa_qua,CEO Tim_Cook đã có cuộc phỏng_vấn trên sóng truyền_hình của kênh ABC News về cuộc_chiến giữa Apple và FBI đãng gây xôn_xao dư_luận trong thời_gian vừa_qua Đây cũng là lần đầu_tiên Tim_Cook có một cuộc trả_lời phỏng_vấn chính_thức,sau khi FBI yêu_cầu Apple phải mở khóa chiếc iphone của kẻ sát_nhân tại San_Bernardino_Trong cuộc phỏng_vấn này,Tim_Cook đã khẳng_định lại quan_điểm của mình về việc mở khóa iphone Ông cho rằng lệnh của tòa_án bắt Apple giúp_đỡ FBI để mở khóa chiếc iphone là điều tồi_tệ của nước Mỹ,nó giống như căn_bệnh ung_thư và sẽ thiết_lập một tiền_lệ xấu xúc_phạm nhiều đến người Mỹ_Sau khi được hỏi liệu Apple có chuẩn_bị gì để chống lại yêu_cầu của FBI tại Tòa_án Tối_cao Hoa_Kỳ,Tim_Cook cho_biết Chúng_tôi sẽ chuẩn_bị tất_cả các biện_pháp để chống lại Apple cũng cho_biết họ sẽ chống lại lệnh của tòa_án và yêu_cầu của FBI Tư genkvn 3, Đây cũng là lần đầu_tiên Tim_Cook có một cuộc trả_lời phỏng_vấn chính_thức,sau khi FBI yêu_cầu Apple phải mở khóa chiếc iphone của kẻ sát_nhân tại San_Bernardino 3, Trong cuộc phỏng_vấn này,Tim_Cook đã khẳng_định lại quan_điểm của mình về việc mở khóa iphone 2, Ông cho rằng lệnh của tòa_án bắt Apple giúp_đỡ FBI để mở khóa chiếc iphone là điều tồi_tệ của nước Mỹ,nó giống như căn_bệnh ung_thư và sẽ thiết_lập một tiền_lệ xấu xúc_phạm nhiều đến người Mỹ 2, Ứng_cử_viên tổng_thống Donald_Trump kêu_gọi tẩy_chay apple tẩy_chay Apple là những gì mà ứng_cử_viên tổng_thống Donald_Trump phát_biểu trong một buổi gặp_mặt cử chi diễn ra tại Nam_Carolina ngày hôm_qua Lời kêu_gọi này được ông đưa ra sau vụ_việc đãng gây tranh_cãi giữa Apple và FBI,liên_quan đến việc bẻ_khóa và lấy dữ_liệu bên trong một chiếc iphone của kẻ sát_nhân Bộ tư_pháp cũng vừa_mới đệ đơn kiến_nghị lên tòa_án,để ra_lệnh buộc Apple phải hợp_tác với FBI Theo đó,Apple sẽ phải giúp FBI bẻ_khóa các mật_mã của chiếc iphone_5c mà tên sát_nhân tại San_Bernardino từng sử_dụng trước khi bị bắt Tuyên_bố này của vị ứng_cử_viên tổng_thống Mỹ càng làm dấy lên những tranh_cãi xung_quanh vụ_việc này Trước đó,một vị ứng_cử_viên thổng thống khác là John_Mc Afee cũng đã trở thành_tâm điểm chú_ý của giới truyền_thông Sau khi ông tuyên_bố sẽ giúp FBI bẻ_khóa chiếc iphone này,nếu_không làm được trong vòng 3 tuần ông sẽ tự ăn chiếc giày của mình trên sóng truyền_hình Fox_News_Cả 2 vị ứng_cử_viên tổng_thống đều có cách của mình để giúp Chính_phủ Mỹ trong vụ_việc này Ông Donald_Trump kêu_gọi tẩy_chay Apple cho_đến khi nào công_ty này chịu giúp_đỡ FBI và bẻ_khóa chiếc iphone của kẻ sát_nhân Tư genkvn 2, ĐƯNG chỉnh iphone của bạn hay bât ki ai về ngày 111970 nêu không muôn no thanh cuc gach Đây là lỗi phần_mềm được ghi_nhận bởi một người dùng Youtube_Khi người này chỉnh ngày trên chiếc iphone của mình về 111970,nó chính_thức biến thành cục gạch và không có cách cứu_chữa,dù đã liên_tục khởi_động lại máy Thậm_chí,sử_dụng i Tunes hay DFU để khôi_phục lại iphone cũng không ăn thu 1,Những con_số chứng_tỏ Apple vẫn là gã khổng_lồ Dù hạ dự_báo tăng_trưởng doanh_số bán iphone trong năm nay nhưng những thống_kê dưới đây chứng_minh Apple vẫn ở đỉnh_cao phong_độ xem hình Từ genkvn
1,Dù hạ dự_báo tăng_trưởng doanh_số bán iphone trong năm nay nhưng những thống_kê dưới đây chứng_minh Apple vẫn ở đỉnh_cao phong_độ xem hình Từ genkvn
1, Apple TV và apple có_lẽ là cú hit lớn nhất của Apple trong Q12016 Apple vừa công_bố báo_cáo tài_chính Q12016 và mọi người chỉ để_ý tới doanh_thu,lợi_nhuận và doanh_số bán hàng của iphone Trong khi đó,có một mảng kinh_doanh được xem là thứ_yếu,được đặt vào trong vị_trí others của Apple có_vẻ như lại là cú hit lớn nhất của quý vừa_qua Trong khi chúng_ta có_thể dễ_dàng biết được doanh_số của iphone là 74,8 triệu chiếc trong Q12016,thì lại rất khó để có_thể biết chính_xác số_lượng Apple TV và apple đã được bán ra Bởi_Apple vẫn gom tất_cả các sản_phẩm này và gộp chung vào mục Others_Tuy nhiên từ báo_cáo của mục các sản_phẩm khác này,chúng_ta phần_nào cũng có_thể đoán được sự tăng_trưởng của Apple TV và apple doanh_thu 4,35 tỷ USD trong Q1 năm tài_khóa 2016,đó không_chỉ là mức tăng_trưởng 62 so với cùng kỳ năm_ngoái,mà_còn tăng 43 so với quý cuối_cùng của năm 2015 Từ genkvn 3, Apple vừa công_bố báo_cáo tài_chính Q12016 và mọi người chỉ để_ý tới doanh_thu,lợi_nhuận và doanh_số bán hàng của iphone 3, Trong khi chúng_ta có_thể dễ_dàng biết được doanh_số của iphone là 74,8 triệu chiếc trong Q12016,thì lại rất khó để có_thể biết chính_xác số_lượng Apple TV và apple đã được bán ra 2,Vậy_là người_người tiêu_dùng Việt_Nam đãng phải mua iphone chính hãng với giá khá đắt Từ genkvn
3, Vượt qua apple trở_thành công_ty giá_trị nhất thế_giới Theo báo_cáo mới nhất từ Financial_Times,Apple đã chính_thức đánh mất ngôi_vị công_ty giá_trị nhất thế_giới vào tay Alphabet,sau nhiều năm nắm giữ vị_trí này Cụ_thể,giá_trị doanh_nghiệp mới_đây của Alphabet đã chạm ngưỡng 420 tỷ USD,vượt qua Apple là 393 tỷ USD Cần phải nhấn_mạnh,trước khi Alphabet trở_thành công_ty có giá_trị doanh_nghiệp lớn nhất thế_giới,Apple đã nắm giữ vị_trí này trong khoảng 15 năm liên_tiếp Còn ở khía_cạnh giá_trị vốn hóa,Apple hiện vẫn đãng là công_ty có giá_trị vốn hóa thị_trường lớn nhất thế_giới với khoảng 535 tỷ USD Trong đó,lý_do chủ_yếu khiến Apple mất đi ngôi_vị cao_quý là bởi,Cupertino đãng phụ_thuộc quá nhiều vào iphone Khi nhu_cầu smartphone trên thế_giới đãng giảm,phong_độ của Apple cũng bị giảm theo Do_đó,các nhà_đầu_tư đãng mất dần kỳ_vọng vào apple xu_hướng thoái vốn Ngoài_ra,một lý_do khác khiến Apple mất đi ngôi_vị bấy_lâu,là do hãng đãng nắm giữ quá nhiều tiền_mặt Một công_ty càng nắm nhiều tiền_mặt trong tay,giá_trị doanh_nghiệp càng bị giảm trừ Theo một_số chuyên_gia,Apple đãng có dấu_hiệu đi xuống tương_tự những Nokia,BlackBerry trước_đây Từ genkvn 2, Trong đó,lý_do chủ_yếu khiến Apple mất đi ngôi_vị cao_quý là bởi,Cupertino đãng phụ_thuộc quá nhiều vào iphone 3, Lộ_diện bằng_sáng_chế về thiết_bị màn_hình cong của apple thế_hệ iphone thứ 8,tức_là iphone_6 trở đi,Apple đã có thay_đổi trong việc chế_tạo màn_hình của thiết_bị,với 3D Touch và màn_hình được bo ở các cạnh Các thay_đổi này tuy không quá lớn,nhưng đem lại một sự tiện_dụng không nhỏ cho người sử_dụng Màn_hình cong đãng dần được sử_dụng nhiều trên các thiết_bị gần đây như TV,điện_thoại,đồng_hồ Tuy_nhiên Apple có_vẻ khá im hơi lặng tiếng với vấn_đề này và trung_thành với màn hình_phẳng truyền_thống Mặc_dù vậy,một bằng_sáng_chế rò_rỉ của Apple đã gợi_ý về màn_hình cong sẽ được sử_dụng trong tương_lai Nhìn vào hình_ảnh trên,chúng_ta có_thể thấy một thiết_bị dạng thanh,với màn_hình được uốn cong thành_hình ống Ngoài_ra thiết_bị còn có một cổng âm_thanh 35,nút gạt im_lặng đặc_trưng của các sản_phẩm apple 2 bộ_phận khác có_thể là nút bấm của thiết_bị Với những đặc_điểm như_vậy,rất có_thể màn_hình cong sẽ được áp_dụng vào iphone sau_này Từ techzvn 3, Từ thế_hệ iphone thứ 8,tức_là iphone_6 trở đi,Apple đã có thay_đổi trong việc chế_tạo màn_hình của thiết_bị,với 3D Touch và màn_hình được bo ở các cạnh 3, Với những đặc_điểm như_vậy,rất có_thể màn_hình cong sẽ được áp_dụng vào iphone sau_này Từ techzvn 3, Google trả 1 tỷ USD mỗi năm để được là công_cụ tìm_kiếm trên iphone Với những người sử_dụng iphone hay các sản_phẩm của apple sẽ thấy rằng khi gõ một ký_tự bất_kỳ vào đường_dẫn trên trình_duyệt,ngay_lập_tức màn_hình sẽ hiển_thị những kết_quả tìm_kiếm Google liên_quan đến ký_tự này Nhiều người coi đó là điều đương_nhiên khi cho rằng,đơn_giản là bởi Google là công_cụ tìm_kiếm số 1 thế_giới Tuy_nhiên thực_tế thì lại không phải như_vậy Trang tin Bloomberg vừa phát_hiện ra rằng,có_vẻ như Google đã phải bỏ 1 số tiền không nhỏ mỗi năm cho Apple để được là công_cụ tìm_kiếm mặc_định trên các sản_phẩm i Device_Thông tin này đã được phát_giác khi các luật_sư công_khai một_số tài_liệu trong vụ kiện_tụng đã kđéo_dài 6 năm giữa Oracle và Google_Số tiền cụ_thể mà Google phải trả cho Táo khuyết tính riêng trong năm 2014 là 1 tỷ USD Bên_cạnh số tiền khổng_lồ trên,Apple và Google cũng đã có những thoả_thuận về việc ăn_chia lợi_nhuận mà gã khổng_lồ kiếm được từ các thiết_bị ios của Táo khuyết Từ techzvn 3,Google trả 1 tỷ USD mỗi năm để được là công_cụ tìm_kiếm trên iphone
3, Với những người sử_dụng iphone hay các sản_phẩm của apple sẽ thấy rằng khi gõ một ký_tự bất_kỳ vào đường_dẫn trên trình_duyệt,ngay_lập_tức màn_hình sẽ hiển_thị những kết_quả tìm_kiếm Google liên_quan đến ký_tự này 1, TIN_HOT Uống_Phúc_Long_Rinh ngay iphone_6 và hàng trăm giải_thưởng giá_trị khác Phuc_Long_Coffee_Tea_House tưng_bừng chào_đón mùa Giáng_Sinh 2015 bằng một chương_trình quay số thật hấp_dẫn nè cả nhà ơi Thật đơn_giản,chỉ cần click vào đường link bên dưới tham_gia vòng quay may_mắn của chương_trình là bạn đã có cơ_hội nhận liền_tay 50 chiếc ly sứ xinh_xắn cùng 500 voucher Phúc_Long cực hấp_dẫn nha Đặc_biệt,bạn nào có tài tiên_đoán chính_xác số_lượng người tham_gia chương_trình còn có cơ_hội nhận chiếc iphone_6 thời_thượng cực sang chảnh nữa nhé Nào,cùng thử vận may và nhận ngay những phần quà hấp_dẫn thôi Link tham_gia 1,TIN_HOT Uống_Phúc_Long_Rinh ngay iphone_6 và hàng trăm giải_thưởng giá_trị khác
1, Đặc_biệt,bạn nào có tài tiên_đoán chính_xác số_lượng người tham_gia chương_trình còn có cơ_hội nhận chiếc iphone_6 thời_thượng cực sang chảnh nữa nhé 3,Các fan của Hiruscar_Post_Acne đã tham_gia chương_trình Bừng_Sáng_Giáng_Sinh_Rinh iphone_6 chưa Còn lại 7 ngày thôi Chương_trình đã có hơn 4000 bạn tham_gia rồi đó Các bạn còn lại cũng nhanh chân lên nhé Không biết chiếc iphone_6 và 90 giải_thưởng hấp_dẫn từ nhãn hàng sẽ về tay ai Tham_gia ngay
3,Các fan của Hiruscar_Post_Acne đã tham_gia chương_trình Bừng_Sáng_Giáng_Sinh_Rinh iphone_6 chưa
3,Không biết chiếc iphone_6 và 90 giải_thưởng hấp_dẫn từ nhãn hàng sẽ về tay ai
1, Chương_trình chào_mừng giáng_sinh trúng thưởng thật thích của Hiruscar_Post_Acne bắt_đầu rồi đấy các bạn ơi Giải nhất lần này chính là 1 chiếc iphone_6 sang chảnh thời_thượng dành cho người chơi hội_tụ đủ các yếu_tố sau Xem hết clip Bừng sáng giáng_sinh,luông_linh năm mới Trả_lời đúng các câu_hỏi về clip May_mắn được nhãn hàng lựa_chọn Ngoài_ra,còn 90 phần quà hấp_dẫn không kém đãng chờ ban Tham_gia ngay nào 1,Giải nhất lần này chính là 1 chiếc iphone_6 sang chảnh thời_thượng dành cho người chơi hội_tụ đủ các yếu_tố sau
3,Cái cục đó trên tai_nghe iphone không phải chỉ để chỉnh tonhỏ tiếng đâu nha
2,Thời_lượng pin yếu_ớt của iphone luôn là vấn_đề nhức_nhối của chúng_ta Vậy vì_sao lại vậy
1, Vượt qua cả iphone_6s,Samsung S7 đãng mang trong mình chi xử_lý di_động mạnh nhất thế_giới chip sinh_nhậtapdragon 820 1,chiếc iphone mới nhỏ xinh này đãng được bàn_tán sôi_nổi hơn cả Samsung S7 Đơn_giản Nó là iphone và là sản_phẩm của Apple
1,chiếc iphone mới nhỏ xinh này đãng được bàn_tán sôi_nổi hơn cả Samsung S7
3,Đơn_giản Nó là iphone và là sản_phẩm của Apple
3, iphone với ios hơi bị nhiều rồi,giờ là thông_tin dành cho anh_em Android 1, Nếu iphone của bạn có màn_hình cảm_ứng lực,bạn sẽ có_thể dùng những tính_năng cực_kì tiện_dụng này 3 3,Cũng là iphone nhưng có sự khác_biệt đấy nhé
1, Apple xây_dựng chiến_lược quảng_bá sản_phẩm rất tài_tình,và họ đã thành_công khi khiến bạn phát cuồng với iphone 1,Thời_cơ mua_sắm tới rồi iphone_5s khóa mạng đã rẻ như mốc 5c khóa mạng năm_ngoái
1,iphone_5s khóa mạng đã rẻ như mốc 5c khóa mạng năm_ngoái
1,Mách bạn cách bán iphone cũ vừa được_giá vừa an_toàn cho bản_thân không bị lộ thông_tin nhạy_cảm
1, Kết_quả cho thấy,iphone_6S vẫn là smartphone nhất hiện_nay 3,Những thứ mà chúng_ta vốn chỉ thấy ở iphone thì_giờ đãng xuất_hiện ở rất nhiều thương_hiệu khác 3 Vậy chiếc iphone tiếp_theo nên trang_bị cái gì để trở_nên khác_biệt
3,Những thứ mà chúng_ta vốn chỉ thấy ở iphone thì_giờ đãng xuất_hiện ở rất nhiều thương_hiệu khác 3
3,Vậy chiếc iphone tiếp_theo nên trang_bị cái gì để trở_nên khác_biệt
1,Camera không lồi mà con Kép nữa iphone_7 được như trong bài thì hết xẩy quá
1,Chiếc tai_nghe iphone nó còn nhiều tính_năng ẩn mà chúng_ta không để_ý
3, Có iphone là một chuyện,làm_sao để sử_dụng hết khả_năng của nó lại là một chuyện khác 3 Bạn có tự_tin rằng mình đã biết hết những điều này 3,Mình đãng cần tậu một cái bao cho iphone_6 và một cái cho iphone_5 mà có_thể gắn lên ghi_đông xe và chống nước như trong hình Chủ_yếu là để dùng iphone làm định_vị Bạn nào biết ở VN mình chổ nào có thì hướng_dẫn dùm mình nhe Cảm_ơn các bạn
3,Mình đãng cần tậu một cái bao cho iphone_6 và một cái cho iphone_5 mà có_thể gắn lên ghi_đông xe và chống nước như trong hình
3,Chủ_yếu là để dùng iphone làm định_vị
2, Ôi trời,Iphone sắp xoá_sổ Ipad luôn rồi 1,Tiếp phần 2 iphone năm nào cũng có ảnh chế Cười từ sáng tới giờ
3, Dính ngay cái đầu_tiên Đó giờ cứ tưởng là chỉ có sạc zin iphone mới là hàng xịn,hóa_ra không phải 1,Quá đẹp ngay từ cái nhìn đầu_tiên 3 3 3 Giá_Sale cho 30 khách_hàng đầu_tiên còn 250k giá chưa Sale 320k Nhận đặt_hàng ngay hôm_nay DUY_NHẤT tại IPhoneDep
1, News_Apple ốp lưng kiêm pin dự_phòng cho iphone_6,6S với giá 99 2,2 triệuTheo tuyên bô cua apple ôp nay se cung câp cho ngươi dung thêm 18 giơ lươt web trên mang 4G hoăc 20 giơ xem video hay 25 giơ đãm thoai 3, News_Apple sẽ sản_xuất lại iphone 4 inchNhà phân_tích mingChi Kuo người thường đưa ra nhiều dự_đoán chính_xác về các sản_phẩm Apple tiếp_tục đưa ra những nhận_định về mẫu iphone 4inch sắp được Apple Ông dự_đoán rằng,chiếc iphone 4inch sẽ là phiên_bản kế_nhiệm của chiếc iphone_5s cũng với kích_thước tương_tự Để phù_hợp với nền_tảng mới,chiếc iphone 4inch sẽ được trang_bị chip xử_lý A9 nhằm đảm_bảo hiệu_năng hoạt_động trơn_tru Ngoài_ra,máy sẽ sử_dụng vỏ kim_loại Tuy_nhiên,các thông_số kỹ_thuật còn lại tương_tự như iphone_5s,bao_gồm cả camera camera chính 8MP,phụ 12MP để cắt_giảm chi_phí iphone_7 4inch dự_kiến sẽ vào đầu năm sau 3,News_Apple sẽ sản_xuất lại iphone 4 inch
3,Nhà_phân_tích mingChi Kuo người thường đưa ra nhiều dự_đoán chính_xác về các sản_phẩm Apple tiếp_tục đưa ra những nhận_định về mẫu iphone 4inch sắp được Apple 3, Ông dự_đoán rằng,chiếc iphone 4inch sẽ là phiên_bản kế_nhiệm của chiếc iphone_5s cũng với kích_thước tương_tự 1, Để phù_hợp với nền_tảng mới,chiếc iphone 4inch sẽ được trang_bị chip xử_lý A9 nhằm đảm_bảo hiệu_năng hoạt_động trơn_tru 3, Tuy_nhiên,các thông_số kỹ_thuật còn lại tương_tự như iphone_5s,bao_gồm cả camera camera chính 8MP,phụ 12MP để cắt_giảm chi_phí 3,iphone_7 4inch dự_kiến sẽ vào đầu năm sau
2,Dùng iphone đã lâu mới phát_hiện ra một sự_thật khó chấp_nhận
3,Ai có iphone thử coi Ad làm được sau 5 lần y
3,LG_G5 và iphone_6S Các thím sẽ chọn
3,So_sánh một_số ảnh chụp của Galaxy S7 và iphone_6S Plus trong các điều_kiện khác_nhau
3,Tiếp_theo là Galaxy S7 edge và iphone_6S Plus
3, LG_G5 so sáng cùng iphone_6S Plus_Cùng đen_đen,xám xám,bạc bạc,bạn thích cái nào hơn 3 3,Samsung_Galaxy S7 so dáng cùng iphone_6S
1,Ai sẽ là người sở_hữu chiếc iphone_6s
1, Có tin_đồn cho rằng năm sau Apple sẽ iphone 4 với chip A9 và vỏ kim_loại với giá rẻ hơn cả 6S hiện_nay Cá_nhân ad vẫn thích mẫu thiết_kế của iphone 4,việc pháT_Triển lại mẫu này chắc_chắn sẽ khiến nhiều ifan thích_thú,còn các bạn thì_sao 1,Có tin_đồn cho rằng năm sau Apple sẽ iphone 4 với chip A9 và vỏ kim_loại với giá rẻ hơn cả 6S hiện_nay
1, Cá_nhân ad vẫn thích mẫu thiết_kế của iphone 4,việc pháT_Triển lại mẫu này chắc_chắn sẽ khiến nhiều ifan thích_thú,còn các bạn thì_sao 3,Thị_trường mobile VN đãng chứng_kiến sự tăng_trưởng nhanh_chóng của iphone_66 khi chiếm đến 12 trong thị_phần ios Mặc_dù iphone 44s vẫn được sử_dụng nhiều nhất nhưng tỷ_lệ này đãng giảm nhanh_chóng và sẽ sớm bị iphone_5 bắt kịp Trích_Báo cáo thị_trường mobile VN quý II2015
1,Thị_trường mobile VN đãng chứng_kiến sự tăng_trưởng nhanh_chóng của iphone_66 khi chiếm đến 12 trong thị_phần ios
3,Mặc_dù iphone 44s vẫn được sử_dụng nhiều nhất nhưng tỷ_lệ này đãng giảm nhanh_chóng và sẽ sớm bị iphone_5 bắt kịp
3,Làm thế_nào để sạc pin iphone đúng cách Cdiscountvn
3, Cuộc đọ sức bất_phân_thắng_bại giữa chiếc iphone_6s và 6 Plus_Giữa 1 chiếc điện_thoại màn_hình to hơn,camera có chống rung quang_học,với 1 chiếc điện_thoại có con chip mới hơn hiệu_năng cao hơn,khung sườn chắc_chắn hơn Bối_rối quá 2 cái cùng tầm giá không biết phải lựa_chọn chiếc nào 3,Cuộc đọ sức bất_phân_thắng_bại giữa chiếc iphone_6s và 6 Plus
1, Just for fun Không biết trong tương_lai iphone có được trang_bị tính_năng này không nhỉ Nếu có thì quá là tuyệt_vời,chả bao_giờ phải sợ rơi vỡ màn nữa D 3,Just for fun Không biết trong tương_lai iphone có được trang_bị tính_năng này không nhỉ
1, CÓ_THỂ_BẠN_CHƯA_BIÊT Bạn đã từng gặp tình_huống chiếc iphone i Pad đột_nhiên bị đơ không cảm_ứng không tắt nguồn,hay màn_hình bị tắt không lên,cắm sạc cũng không thấy hiện_tượng gì Mẹo nhỏ cực_kỳ đơn_giản mà không phải người dùng Táo nào cũng biết nha Bạn giữ đồng_thời cả 2 phím Nguồn và phím Home,giữ chặt tầm 10 giây cho_đến khi màn_hình hiện lên quả táo nhé Sau đó máy sẽ tự khởi_động lại như bình_thường nha Share để cho bạn_bè cùng biết nha 3,Bạn nào dùng iphone mà thấy chưa đủ nhanh thì thử mẹo này nhé
1,Ứng_dụng hay cho iphone
1,152 iOnline Khuyến_Mại ngày vàng 150 Tăng_tốc giành chữ chinh_phục iphone_6 không lo cạn GOLD với Khuyến_Mại ngày vàng hấp_dẫn Tặng ngay 150 giá_trị GOLD cho tất_cả hình_thức nạp từ 00h 24h ngày 1522016 Chỉ con 5 ngày chạy_đua quyết_định bạn có sở_hữu iphone_6 đừng bỏ lỡ Nhớ chọn nạp qua Thẻ_Cào để được hưởng tỷ_giá nạp có lợi nhất Chúc bạn may_mắn
2,Lý_do pin iphone không được quá một ngày
3,3 mẫu concept iphone_5 SE Anh_em thích kiểu nào nhất D
3,Ai thích dùng iphone lock thì mua ngay kìa 3
3,Huyền_thoại bao mât may tinh John_Mc Afee vừa có cuộc trò truyện với trang tin MaximumPc xung_quanh vu viêc Apple tư chôi yêu câu mơ khoa iphone cua tên khung bô cho FBI
3,Xuất_hiện ảnh thực_tế iphone_5SE màu xám iphone_5SE có_thể sẽ được giới_thiệu vào ngày 223 tới
3,Vậy_thì các thím sẽ mua 5S hay iphone_se
1,Apple sẽ mang thiết_kế được rất nhiều người yêu_thích của iphone_5S quay trở_lại
3,Bây_giờ các thím thích 1 chiếc iphone Plus hay 1 chiếc iphone nhỏ và 1 cái i Pad
2,Mà cũng phải công nghận iphone chống rung khá kém
3,Ai thích iphone màu đen giống Ad không 3
3,Bảo sao con_gái không đòi mua iphone là chỉ có mua Oppo
3, Người_ta thì chờ iphone_5SE và iphone_7,mình thì ngóng em 5S này thôi 3,Có một nghịch_lí ở đây Khi xưa kia iphone luôn được cho là bảo_mật hơn Android
1,Khi xưa kia iphone luôn được cho là bảo_mật hơn Android
3, Có iphone là một chuyện,làm_sao để sử_dụng hết khả_năng của nó lại là một chuyện khác Bạn có tự_tin rằng mình đã biết hết những điều này 2,Có hại cho iphone lắm đấy
1, Sưa lôi canh bao phat hiên hanh đông trai phep trên samsung galaxy s 4 Sưa lôi canh bao hanh đông trai phep trên samsung galaxy yêu câu khơi đông lai may,xoa xac minh tai khoan google,samsung account,reactive lock,please call me,unlock mang cac dong samsung,lg,htc,iphone,motorola Giai_Phap_Android_Mr Tiên 0907 705 936 3, Giờ vàng sắp đến rồi,mọi người sẵn_sàng để bấm đặt mua iphone_6 nha 2,Người cha xấu_xa thứ 2 thế_giới đây rồi Bán con để mua iphone Không biết anh này nghĩ gì nữa Thật hết_chỗ_nói
2,Bán con để mua iphone
1,Dễ hiểu vì_sao người_ta lại cuống iphone_5S khi nó giảm_giá tới vậy Làm mình nhớ lại thời huy_hoàng của iphone 4
3, Nhiều người khẳng_định,họ đếm được tới 10000 chiếc iphone_5 xuất_hiện trong video 3, Ngày_tháng ăn_chơi đã kếT_Thúc Ngày_tháng nghiêm_túc sắp bắt_đầu Trở_lại với việc học_hành vĩ_đại Vì tương_lai ném chuột bằng iphone,đập ruồi bằng i Pad_Cố lên các bạn 3, Vì tương_lai ném chuột bằng iphone,đập ruồi bằng i Pad 3, John_Mc Afee đãng biến mình thành_tâm điểm của truyền_thông và thế_giới công_nghệ,sau khi tuyên_bố hùng_hồn Tôi sẽ bẻ_khóa chiếc iphone của kẻ sát_nhân tại San_Bernardino một_cách miễn_phí,để Apple không cần tự tay làm điều đó 3, Bạn đã nghe đến đồ_vật tự chuyển_động Bạn thấy ngạc_nhiên Ồ,không_đâu,bạn có_thể trang_bị cho ngôi nhà của mình được như_vậy với hệ_thống điện thông_minh của ASEL Tivi mở,điều_hòa bật,rèm mở ra hay đóng vào đều do bạn có_thể điều_khiển_từ_xa với một phím bấm trên iphone hay i Pad của mình 2, Lỗi đặc_biệt nghiêm_trọng của APPLE Đừng có thánh nào thử nghịch dại nhé Nếu bạn thiết_lập ngày iphone,iPad về 01 tháng 1 năm 1970 sẽ biến thiết_bị của bạn trở_thành cục gạch ngay_lập_tức luôn đó Mà lỡ nghịch dại thì thử 1 trong 2 cách này xem được không nhé Không được thì mang qua trung_tâm apple xử_lý nhé 1 Cách thứ nhất đó là người dùng sẽ chờ cho tới khi máy cạn pin hoàn_toàn Sau đó,cắm sạc và iphone sau khi hết treo táo sẽ tự_động khôi_phục về ngày,giờ hiện_tại 2 Cách thứ_hai là thay một chiếc SIM khác hay iphone tự dùng được sau 5 giờ nhưng những người dùng cũng không quên cho_biết rằng họ không_thể chỉnh lại ngày_giờ như ban_đầu sau khi hết treo táo Về phía Apple họ sẽ sớm cho tung ra 1 bản cập_nhật vá lỗi này nên nếu có nhỡ tay thử 111970 thì làm theo 1 trong 2 cách trên nhé Nếu không được thì đừng thử lại lần 2 2, Nếu bạn thiết_lập ngày iphone,iPad về 01 tháng 1 năm 1970 sẽ biến thiết_bị của bạn trở_thành cục gạch ngay_lập_tức luôn đó 3, Sau đó,cắm sạc và iphone sau khi hết treo táo sẽ tự_động khôi_phục về ngày,giờ hiện_tại 3,2 Cách thứ_hai là thay một chiếc SIM khác hay iphone tự dùng được sau 5 giờ nhưng những người dùng cũng không quên cho_biết rằng họ không_thể chỉnh lại ngày_giờ như ban_đầu sau khi hết treo táo
1,Chả gì bằng tặng iphone cho gấu
3,Test độ bền của Iphone và Samsung_Theo chúng_mày máy nào chịu được lâu hơn
3, Muộn mất 5 năm,nhưng cuối_cùng thì cái ngày mà_cả ba nhà mạng lớn tại Việt_Nam đều phân_phối iphone cũng đã đến 1, Quào,dùng iphone đã lâu nhưng đến giờ mới biết thêm nhiều tùy chỉnh hay_ho như_thế_này 3, Chờ mãi rồi Mình không thích iphone màn_hình to,nên là hóng em iphone 4 inch này nhất 3, Mình không thích iphone màn_hình to,nên là hóng em iphone 4 inch này nhất 3,Đọc và tự mình ngẫm xem tại_sao iphone nhà người_ta vẫn pin trâu trong khi iphone của mình lại chỉ trụ được có vài tiếng đồng_hồ nhé
3,Cái cục đó trên tai_nghe iphone không phải chỉ để chỉnh tonhỏ tiếng đâu nha
2, Để có được 23000 NDT hơn 70 triệu đồng mua iphone và xe_máy,một cặp vợ_chồng trẻ_con ở Phúc_Kiến,Trung_Quốc đã nhẫn_tâm bán đứa con 18 ngày tuổi và phải ra hầu tòa 3,Tự_tạo case cho iphone bằng bong_bóng Nhớ chỉnh_sửa cho ngay_ngắn để có được_một_cái case ưng_ý nhé
3,Tự_tạo case cho iphone bằng bong_bóng
3, Nguyên_mẫu bị rò rĩ được cho là iphone 4 inch,có_thể gọi_là 6c theo tin_đồn Bạn nghĩ thế_nào nếu Apple thực_sự sẽ tung ra mẫu điện_thoại này 3, Nguyên_mẫu bị rò rĩ được cho là iphone 4 inch,có_thể gọi_là 6c theo tin_đồn 3, Samsung vô_tình tiết_lộ iphone_7 sẽ sử_dụng màn AMOLED cong Thương_vụ này sẽ khiến Samsung phải đầu_tư một khoản vốn lên đến 7,47 tỉ USD cho nhà_máy sản_xuất mới có_thể đáp_ứng nhu_cầu Giá_trị của thương_vụ không được công_bố và việc sản_xuất sẽ bắt_đầu_từ quý I 2016 kđéo_dài đến 2017 Dự_tính mỗi tháng Samsung sẽ sản_xuất từ 30000 đến 45000 tấm nền OLED cho apple tại những chiếc iphone vẫn đãng sử_dụng màn_hình LCD apple là thiết_bị đầu_tiên Apple sử_dụng màn_hình OLED cong với mặt màn_hình được vuốt cong xuống 4 phía,cho_nên những thế_hệ tiếp_theo của iphone sử_dụng tấm nền này là điều không ngạc_nhiên cho lắm Samsung từ lâu đã gây tiếng_vang trong mảng màn_hình OLED cong khi mà các sản_phẩm dòng Edge của Samsung liên_tục gây được tiếng_vang Động_thái này của Samsung vô_tình hỗ_trợ đối_thủ chính của họ,khi mà công_ty đãng phải chật_vật trong mảng thiết_bị đi động Sản_xuất chip xử_lí,màn_hình và RAM đãng là nguồn thu chính của Samsung trong mảng này Cho_nên thoả_thuận tưởng_chừng như rất bđéo_bở trên có_thể là mối lo_ngại chính cho họ trong tương_lai Từ genkvn 3,Samsung vô_tình tiết_lộ iphone_7 sẽ sử_dụng màn AMOLED cong
3,Hiện_tại những chiếc iphone vẫn đãng sử_dụng màn_hình LCD
3, apple là thiết_bị đầu_tiên Apple sử_dụng màn_hình OLED cong với mặt màn_hình được vuốt cong xuống 4 phía,cho_nên những thế_hệ tiếp_theo của iphone sử_dụng tấm nền này là điều không ngạc_nhiên cho lắm 3,Dám nhảy xuống hồ sâu hai mét chỉ để cứu_vớt chiếc iphone_5 của mình
3, Concept iphone của tương_lai,ai muốn một em giơ tay lên nào 3, Khi iphone_7 không có viền màn_hình,chuẩn hơn iphone_6s không cả nhà 3, Bạn đãng là tín_đồ và đãng sử_dụng iphone Bạn thường hay trò_chuyện trên Facebook hay nhắn_tin,thường sử_dụng emoji,tức các hình_ảnh với khuôn_mặt biểu_cảm Nhưng bạn đã biết cách tạo ra chúng như_thế_nào chưa Hãy click vào bài viết dưới đây để biết cách tạo như_thế_nào nhé 3,Bạn đãng là tín_đồ và đãng sử_dụng iphone
1, Social_Listening_Thống kê Nóng_Mới nhất về phản_hồi của cộng_đồng mạng về Bphone trong ngày 2605 Hình_ảnh người_người F5 từng phút chỉ để cập_nhật những thông_tin nóng nhất từ ,các streamline với hàng chục_ngàn người theo_dõi trực_tiếp và các feed về Bphone tràn_ngập trên mạng xã_hội đã khiến nhiều người phải thốt lên Tôi có cảm_giác như Bphone chính là hiện_tượng iphone của Việt_Nam younetmedia Bphone bkav 1, 9inspiration Chiến_lược marketing của Apple là chủ_đề của video này Chúng_ta hãy thử để_ý từ đoạn Iphone được unlock và tưởng_tượng khi trình_chiếu,chúng_ta sẽ coi như chiếc Iphone trên màn chiếu cảm_ứng được và thao_tác với nó sao cho khớp với hiệu_ứng đã có trong slide,chắc_hẳn sẽ gây được ấn_tượng rất lớn đối_với người xem phải không Mong rằng qua video này các bạn sẽ có thêm cảm_hứng cho những bài thuyếT_Trình sắp tới của mình Cảm_ơn cảm bạn đã theo_dõi 1, Chúng_ta hãy thử để_ý từ đoạn Iphone được unlock và tưởng_tượng khi trình_chiếu,chúng_ta sẽ coi như chiếc Iphone trên màn chiếu cảm_ứng được và thao_tác với nó sao cho khớp với hiệu_ứng đã có trong slide,chắc_hẳn sẽ gây được ấn_tượng rất lớn đối_với người xem phải không 1,iphone độc_đáo nhất thế_giới
2,Có ai thử làm thế_này chưa Tiếc cái iphone_6s quá TT
2,Tiếc cái iphone_6s quá TT
3, Khi_Matt_Stopera đãng tìm_kiếm một bức ảnh trên chiếc iphone để đăng lên hồi tháng Giêng vừa_qua,anh đã giật_mình khi phát_hiện ra thư_viện ảnh của anh chứa đầy hình_ảnh tự sướng trước một cây quất cảnh của một người đàn_ông Trung_Quốc 2, Apple đã phải khá vất_vả mới được quyền sử_dụng tên gọi này bởi trước đó ios đã được đăng_ký thương_hiệu bởi Cisco_Hai hãng này cũng từng gặp phải một_số lùm_xùm về pháp_lý khi Cisco đệ đơn lên tòa_án Hoa_Kỳ kiện Apple do sử_dụng tên gọi iphone,thương_hiệu cũng thuộc về Cisco 2, Hai hãng này cũng từng gặp phải một_số lùm_xùm về pháp_lý khi Cisco đệ đơn lên tòa_án Hoa_Kỳ kiện Apple do sử_dụng tên gọi iphone,thương_hiệu cũng thuộc về Cisco 3,Tín_đồ của Iphone là đây
3,Tiền thì anh không có Nhưng_Iphone thì anh không thiếu
2, Đây được đánh_giá là một trong những thí_nghiệm tàn_nhẫn và nguy_hiểm nhất đối_với iphone Các bạn đừng bao_giờ làm thế_này với em iphone nhé,đừng bao_giờ 2,Đây được đánh_giá là một trong những thí_nghiệm tàn_nhẫn và nguy_hiểm nhất đối_với iphone
3, Các bạn đừng bao_giờ làm thế_này với em iphone nhé,đừng bao_giờ 3,iphone_6s được dự_kiến sẽ vào đầu tháng 9 tới đây với nhiều cải_tiến vượT_Trội so với người anh_em 6 và 6 Plus_Mức giá thì vẫn luôn là một ẩn_số nhưng AHEAD dự_đoán cũng không dễ xơi đâu Theo fans thì giá bao_nhiêu là hợp_lý để rinh được 1 em về nhỉ
1,iphone_6s được dự_kiến sẽ vào đầu tháng 9 tới đây với nhiều cải_tiến vượT_Trội so với người anh_em 6 và 6 Plus
3, 1 trong 5 câu_chuyện công_nghệ gây sốt cộng_đồng mạng VN 2014 iphone_6 gây sốt với giá ban_đầu từ 5070 triệu đồng Trong ngày 199,ngày đầu_tiên Apple bán ra iphone_6 tại một_số thị_trường trên thế_giới,số_lượng máy mang về Việt_Nam khan_hiếm nên có_giá lên đến 5070 triệu đồng Nhiều chủ cửa_hàng tại TPHCM và Hà_Nội cho_biết có những khách sộp sẵn_sàng chi ra mức giá gấp 34 lần giá thông_thường để sở_hữu chiếc iphone_6 Plus đầu_tiên về Việt_Nam_Mức giá cao kỉ_lục của bộ đôi iphone mới trong ngày đầu đã thu_hút sự chú_ý của những tín_đồ quả táo nói_riêng và cộng_đồng yêu công_nghệ trong nước nói_chung Phần_lớn đều cho rằng những chiếc iphone đầu_tiên về Việt_Nam có giá_trị để làm thương_hiệu cho cửa_hàng hoặc một thứ quà tặng xa_xỉ trong giới thượng_lưu Sau ngày đầu_tiên,mức giá iphone_6 tại Việt_Nam nhanh_chóng hạ nhiệt và giảm mỗi ngày hàng triệu đồng Chỉ trong vòng hai tuần,giá bán của bộ đôi này nhanh_chóng về gần với giá nhập do sức_mua không cao như dự_kiến Nhiều cửa_hàng lỡ ôm iphone_6 xách tay với giá cao than trời vì lỗ khi mặt_bằng giá iphone_6 giảm không phanh 3,iphone_6 gây sốt với giá ban_đầu từ 5070 triệu đồng
2, Trong ngày 199,ngày đầu_tiên Apple bán ra iphone_6 tại một_số thị_trường trên thế_giới,số_lượng máy mang về Việt_Nam khan_hiếm nên có_giá lên đến 5070 triệu đồng 3,Nhiều chủ cửa_hàng tại TPHCM và Hà_Nội cho_biết có những khách sộp sẵn_sàng chi ra mức giá gấp 34 lần giá thông_thường để sở_hữu chiếc iphone_6 Plus đầu_tiên về Việt_Nam
1,Mức giá cao kỉ_lục của bộ đôi iphone mới trong ngày đầu đã thu_hút sự chú_ý của những tín_đồ quả táo nói_riêng và cộng_đồng yêu công_nghệ trong nước nói_chung
3,Phần_lớn đều cho rằng những chiếc iphone đầu_tiên về Việt_Nam có giá_trị để làm thương_hiệu cho cửa_hàng hoặc một thứ quà tặng xa_xỉ trong giới thượng_lưu
1, Sau ngày đầu_tiên,mức giá iphone_6 tại Việt_Nam nhanh_chóng hạ nhiệt và giảm mỗi ngày hàng triệu đồng 2,Nhiều cửa_hàng lỡ ôm iphone_6 xách tay với giá cao than trời vì lỗ khi mặt_bằng giá iphone_6 giảm không phanh
3,iphone_6s có gì mới
3, iphone_7 đãng dần lộ_diện,fan nhà Táo có thấy hài_lòng không 1, mi 5 hẳn 4 càng cũng chưa chắc_ăn được iphone_6s Plus_Nhưng cũng khá khen cho Xiaomi,vì giá rẻ,mà chất_lượng không thua_kém nhiều là quá nỗ_lực rồi Tất_nhiên,qua đây mới thấy,hàng Nokia nó bền và tốt tới dường nào Nokia vô_địch 2,mi 5 hẳn 4 càng cũng chưa chắc_ăn được iphone_6s Plus
3, Cách hướng_dẫn cài_đặt số điện_thoại báo khẩn_cấp trên iphone phòng khi_không may bị tai_nạn thì người đi đường còn gọi cho người_nhà được lúc điện_thoại người bị nạn cài pass Ai dùng iphone vào app Health_Sức_Khoẻ nếu ai dùng giao_diện tiếng Việt có phần khai_báo thông_tin người_thân,chọn số tên số điện_thoại người đó trong danh_bạ Hình_như là được add bao_nhiêu tuỳ_thích Rồi khi máy bị khoá pass thì chọn Emergency_Khẩn cấp góc tay_trái hình 1,chọn Medical ID_ID_Y tế góc dưới tay_trái hình 2,là ra danh_sách người_thân,ấn nút gọi_là có kết_nối hình 3 Mong rằng không ai phải dùng tới chức_năng này 3,Huyền_thoại bao mât may tinh John_Mc Afee vừa có cuộc trò truyện với trang tin MaximumPc xung_quanh vu viêc Apple tư chôi yêu câu mơ khoa iphone cua tên khung bô cho FBI
3, Không biết với iphone thì_sao,chứ mình toàn dùng cách này để chấm công vân tay do hay đi làm muộn 2,Có bạn nào cũng thấy chíu khọ với camera lồi trên iphone_6 không
2,Trinh_sát tiếp_tục kiểm_tra điện_thoại_di_động của 3 nghi phạm này Bất_ngờ trinh_sát phát_hiện chiếc iphone_6 Plus của Khanh đầy nghi_vấn khi chỉ có cuộc_gọi đến nhưng không_thể gọi đi
2,Bất_ngờ trinh_sát phát_hiện chiếc iphone_6 Plus của Khanh đầy nghi_vấn khi chỉ có cuộc_gọi đến nhưng không_thể gọi đi
2, Gã tài_xế ra khỏi xe,việc đầu_tiên là hất tung một chiếc điện_thoại trên tay một nhân_chứng rồi bình_thản móc iphone bấm rồi biến_mất,bỏ mặc sau lưng 3 thân_thể tan_nát vẫn còn nóng ấm 1,Chức_năng mới của iphone_7 đây sao Kiểu này ném máy vô_tư rồi
1,Sảng_khoái cùng DẦU_GỘI_BÙN_KHOÁNG_NIVEA_MEN và có cơ_hội trúng ngay iphone_6 thật sành_điệu tại Lazada
1, Quá đỉnh,ai hậu_đậu thì thích lắm nè,có thanh_niên nào muốn sở_hữu luôn em iphone_7 như_vậy không 2, mẹ em bị hack Facebook rồi nha mọi người Mọi người có thấy nó pm đòi nạp card gì thì đừng nạp nhé Nó nghĩ sao đi inbox cho cô_mình cô_mình cũng ở Mỹ luôn mà kêu cô_mình đi mua card mobiphone cho nó,còn nói bên Mỹ xài Mobifone được lắm chứ 3, Nó nghĩ sao đi inbox cho cô_mình cô_mình cũng ở Mỹ luôn mà kêu cô_mình đi mua card mobiphone cho nó,còn nói bên Mỹ xài Mobifone được lắm chứ 3,trong lúc chưa có iphone_7 thì lấy em 6s Plus ra so tạm vậy
1, Ước_mơ xài Iphone giá rẻ bèo mà chức_năng cực đỉnh đã đến 223 ,các bạn đoán nó có_giá bao_nhiêu 3, Dùng iphone đã lâu nhưng chưa chắc bạn đã biết hết mấy mẹo bàn_phím này,biết xong dùng quá đã luôn 2, Ad đã thấy rất nhiều gia_đình dỗ con_nhỏ bằng i Pad iphone,nếu_không cho nó xài thì khóc ré lên lăn_lộn ăn_vạ đủ kiểu Mốt con của ad mà vậy ad nện nhừ_tử 2, Ngày 262,tập_đoàn Apple đâm_đơn phản_đối việc Bộ Tư pháp Mỹ và Cục Điều tra liên_bang FBI ép tập_đoàn này mở khóa chiếc iphone do kẻ khủng_bố gây cuộc thảm_sát ở San_Bernardino sử_dụng 2, Chị H hoảng_sợ vùng dậy bỏ chạy,Ánh lại lấy xe_máy chị H nổ máy rồi bỏ đi Trong cốp xe của chị H có điện_thoại Iphone,7 triệu đồng và nhiều giấy_tờ khác Cướp xong,H đi nhậu và thuê khách_sạn ngủ 3, Trong cốp xe của chị H có điện_thoại Iphone,7 triệu đồng và nhiều giấy_tờ khác 1,iphone_7 thế_này thì_có mà cháy hàng à
2, Vào cửa_hàng vờ hỏi mua điện_thoại,đối_tượng táo_tợn cướp luôn 2 chiếc Iphone rồi nhảy lên xe chạy trốn Chủ cửa_hàng chỉ biết bất_lực nhìn tên cướp cao_chạy_xa_bay VTCNews camera cuop 1, iphone_7 đẹp tới từng millimét thế_này,thánh nào muốn sở_hữu một chiếc không 2, Mobiphone,gian_lận kiểu này,ai mà sử_dụng Một thời_gian,quảng_cáo bất_động_sản,tin rác tràn_lan,bán sim điện_thoại 3, Foxconn hãng mẹ của công_ty Hon_Hai đã vượt qua đối_thủ Innovation_Network_Corp of Japan INCJ quỹ có sự hậu_thuẫn của Chính_phủ Nhật_Bản để trở_thành người_hùng đưa Sharp vượt khó Giá cổ_phiếu của Sharp có thời_điểm tăng tới 5,8 trong phiên sáng nay tại thị_trường Tokyo sau khi thông_tin về thỏa_thuận được tiết_lộ Nợ_nần chồng_chất và thua_lỗ kinh_niên,nhà_sản_xuất hàng điện_tử tiêu_dùng hơn 100 năm_tuổi phải lựa_chọn giữa một bên là kế_hoạch giải_cứu của INCJ đòi_hỏi tái cơ_cấu bằng cách cắt bỏ một_số bộ_phận,và một bên là vẫn được giữ nguyên cơ_cấu nhưng thuộc về một công_ty_mẹ nước_ngoài Cái gật_đầu của Sharp đồng_nghĩa với việc Foxconn nhà lắp_ráp chính điện_thoại iphone cho Apple giành quyền tiếp_quản một trong những nhà_cung_cấp lớn nhất màn_hình cho điện_thoại và máy_tính bảng 1,Cái gật_đầu của Sharp đồng_nghĩa với việc Foxconn nhà lắp_ráp chính điện_thoại iphone cho Apple giành quyền tiếp_quản một trong những nhà_cung_cấp lớn nhất màn_hình cho điện_thoại và máy_tính bảng
2,Cuộc_chiến giữa Cục Điều tra liên_bang Mỹ FBI và tập_đoàn Apple xung_quanh việc bẻ_khóa một chiếc iphone đã lên cao_trào vào cuối tuần qua
1, mua lại Sharp,Foxconn không_chỉ tăng thêm nguồn cung cho iphone mà đó còn là vũ_khí để họ đối_đầu với Samsung 2, Đưa đi cấp_cứu rồi lấy luôn điện_thoại nạn_nhân Nhân và Hậu đưa anh minh đi viện cấp_cứu Tại đây,phát_hiện anh minh có điện_thoại_di_động iphone_6S Plus,cả hai đã nảy_sinh ý_định chiếm_đoạt 2, Tại đây,phát_hiện anh minh có điện_thoại_di_động iphone_6S Plus,cả hai đã nảy_sinh ý_định chiếm_đoạt 3,90 người dùng iphone không hề hay_biết 15 thủ_thuật cực hay này Bạn thì_sao
3, Có một câu_hỏi mà mình băn_khoăn,rất mong các bạn giải_đáp iphone_6s giống iphone_6 bị đáp gạch liền Galaxy S7 edge hơi giống Galaxy S6 edge hoàn_hảo,tôi thích những cải_tiến này 2,iphone_6s giống iphone_6 bị đáp gạch liền
2, Tim_Cook có_lẽ đã chọn một bước_đi sai_lầm,khi ông quyết_định từ_chối giúp_đỡ Cơ_quan Điều_tra Liên_bang FBI truy_cập vào chiếc iphone_5c thuộc về 1 trong 2 tên khủng_bố trong vụ thảm_sát San_Bernardino năm_ngoái 3, Để những đứa trẻ ngoan_ngoãn ngồi yên một chỗ,nhiều bố_mẹ còn sắm cả iphone,ipad để con cũng có phương_tiện giải_trí riêng Những_tưởng tuyệt_chiêu này sẽ lợi cả đôi đường mà không biết rằng đó là con đường nhanh_nhất để nới dần khoảng_cách giữa bố_mẹ và con_cái 1, nếu iphone khắc_phục được,đó sẽ là một chiếc điện_thoại trên cả tuyệt_vời 2,Bạn có hối_hận vì đã mua iphone khi đọc xong bài này
2,Mọi người chú_ý nha Đây là thầy_chùa Bê_Đê chuyên dụ_dỗ và bắt_cóc trẻ_con ở Bà Rịa_Vũng_Tàu_Này là phụ_nữ chuyên thoa thuốc_mê vào IPhone rồi nhờ coi dùm vì mới nhặt được sau đó thôi_miên lấy tài_sản
2,Này là phụ_nữ chuyên thoa thuốc_mê vào IPhone rồi nhờ coi dùm vì mới nhặt được sau đó thôi_miên lấy tài_sản
3, Tính bảo_mật cao của những chiếc Iphone đã được cả Thế_giới công_nhận,nhưng bạn nghĩ sao về hành_động này của Trái táo cắn dở Ai đúng,ai sai 1, Tính bảo_mật cao của những chiếc Iphone đã được cả Thế_giới công_nhận, 2, Giáo_sư Anna_Lysyanskaya,bộ_môn Mã_hóa,Đại_học Brown cho_biết bà rất lo rằng những người dân_thường sẽ không cảm_thông cho quan_điểm của Apple về việc hủy_bỏ tính_năng vượt passcode trên chiếc iphone_5c của kẻ khủng_bố,và điều này có_thể gây hại tới cuộc_chiến lâu_dài,quan_trọng hơn ngăn_cản chính_phủ Mỹ không được ép_buộc các công_ty công_nghệ đặt cửa hậu lên mã_hóa 2, Cuối tháng 9 năm_ngoái,ngay tại Nghệ_An,Việt_Nam,chiếc iphone phát_nổ đã cướp đi sinh_mạng của một thai_phụ 24 tuổi 2, Ai xài iphone nhớ cẩn_thận nha,chỉ là thay nút home thôi mà hậu_quả lớn thế_này 1, Cơ_hội nhận được máy nghe nhạc i Pod_Shuffle và thẻ quà tặng CGV,hơn hết điện_thoại iphone_5C vẫn đãng chờ các bạn đấy 1,Hãy cùng lan_tỏa thông_điệp kết_nối mọi người qua cuộc_thi ảnh Yakult_Gắn_Kết tại wwwyakultvnyakultganket Chiếc điện_thoại iphone_5C sành_điệu cùng hàng trăm phần quà giá_trị khác sẽ là phần_thưởng hấp_dẫn dành cho người thắng cuộc
1,Chiếc điện_thoại iphone_5C sành_điệu cùng hàng trăm phần quà giá_trị khác sẽ là phần_thưởng hấp_dẫn dành cho người thắng cuộc
1,Cơ_hội nhận ngay iphone_6s khi đến Dunkin_Donuts tham_gia Vòng_Quay_May_Mắn
1, KHÔNG_KHÍ_CHẠY_NƯỚC_RÚT_NHỮNG_TUẦN_CUỐI_CÙNG Suốt một tuần qua,không_khí của cuộc_thi ảnh ĐỔI_MỚI_DIỆN_MẠO_SÁNG_TẠO_CÙNG_SAPPORO sôi_nổi hẳn lên Dường_như ai_nấy đều háo_hức muốn rinh em iphone_6S hoành_tráng về nhà Các hình_ảnh thí_sinh từ khắp mọi nơi gửi về ngày_càng nhiều Việc xem_xét các bài dự thi của các bạn cũng hết_sức khó_khăn vì ảnh nào cũng chất,cũng ngộ_nghĩnh cả Tiếp_tục điểm qua một_số hình_ảnh cực chất trong tuần Cơ_hội cuối_cùng để nhận em voucher ăn_uống trị_giá 3 triệu đồng và một iphone_6S chỉ còn vỏn_vẹn tuần cuối_cùng này thôi Cùng đua nào Đừng quên,nhấn vào link để tham_gia ngay nhé 1, 1 ĐIỂM_LẠI_MỘT_TUẦN_SÁNG_TẠO_CÙNG_SAPPORO Sau một tuần,số_lượng ảnh do các thí_sinh gửi về cuộc_thi ảnh Đổi_mới diện_mạo,sáng_tạo cùng Sapporo đã lên đến con_số hàng trăm Các bạn thể_hiện hết khả_năng sáng_tạo của mình qua từng lon bia Sapporo lon bạc và chai bạc diện_mạo mới Không_chỉ là nam_giới,cả nữ_giới không phân_biệt tuổi_tác cũng hết_sức ưa_chuộng hương_vị sảng_khoái của loại bia Sapporo trong diện_mạo mới này,sắc bạc bắt_mắt của lon Sapporo 330ml và chai 330ml được biến_hóa độc_đáo cùng_với sự sáng_tạo đầy bá_đạo của người tham_dự Nào,hãy cùng Sapporo_Vietnam điểm lại một_số hình_ảnh nổi_bật trong tuần vừa_qua và đừng quên tham_gia để rinh ngay về giải_thưởng siêu khủng nhé Chiếc_iphone_6S đã đi được một_nửa chặng đường để tìm_kiếm chủ_nhân của nó rồi,nhanh tay gửi ảnh về cuộc_thi Đổi_mới diện_mạo Sáng_tạo cùng Sapporo để sở_hữu siêu phẩm cực hot này nào Giờ thì Click vào Link để trải_nghiệm ngay với Sapporo diện_mạo mới và rinh về em iphone_6S thôi nào hoặc là Voucher ăn_uống trị_giá 3 triệu đồng tại Beerclub hấp_dẫn quá đi thôi 1, Chiếc_iphone_6S đã đi được một_nửa chặng đường để tìm_kiếm chủ_nhân của nó rồi,nhanh tay gửi ảnh về cuộc_thi Đổi_mới diện_mạo Sáng_tạo cùng Sapporo để sở_hữu siêu phẩm cực hot này nào 1,Giờ thì Click vào Link để trải_nghiệm ngay với Sapporo diện_mạo mới và rinh về em iphone_6S thôi nào hoặc là Voucher ăn_uống trị_giá 3 triệu đồng tại Beerclub hấp_dẫn quá đi thôi
1, Dưới đây là tâm_sự của chị Giang,các bạn có cùng tâm_sự như chị Giang không Có hai điều mà các bà_mẹ luôn trăn_trở về con_cái đó là sức_khỏe và học_vấn Dạo này trên mạng xã_hội tràn_ngập những hình_ảnh đáng thương xin quyên_góp từ_thiện cho các bé có hoàn_cảnh khó_khăn bị mắc bệnh hiểm_nghèo,hay những bé ham học nhưng không có tiền đến lớp Nhìn cảnh con_nhà người_ta mà giật_mình,không khỏi lo_nghĩ cho tương_lai của con mình sau_này Thế_là hai vợ_chồng quyết_định hàng tháng trích lương 20 để lập quỹ dự_phòng cho bé Bum cũng_như cả nhà Chẳng may con hay vợ_chồng đãu_ốm thì còn có tiền để trang_trải,còn nếu may_mắn lúc_nào cũng khỏe_mạnh thì số tiền tích_lũy sẽ để_dành đầu_tư học_vấn của con sau_này Thời_buổi kinh_tế_thị_trường bây_giờ tiết_kiệm được đồng nào_hay đồng ấy Từ ngày có quỹ dự_phòng,tuy có ăn_tiêu tiết_kiệm đi một_chút nhưng gia_đình mình sống rất thoải_mái và chủ_động hơn trong mọi tình_huống Câu nói Tiết_kiệm là quốc_sách quả không sai VIBtietkiem VIBsaving Đầu_tư tương_lai cho trẻ bằng gói tiết_kiệm 6,5 năm ngay nhé Trong chương_trình khuyến_mãi Trọn_vẹn ước_mơ cùng VIB,bạn sẽ có cơ_hội sở_hữu 01 căn_hộ The_Krista,Capital_Land 01 xe ô_tô BMW 320i GT 09 bộ thiết_bị giải_trí cao_cấp Sony gồm ti_vi LED 50 inches và dàn âm_thanh Bluray 3D 18 điện_thoại iphone_6s 30 đồng_hồ apple 60 phiếu mua hàng trị_giá 1000000 VNĐ Bên_cạnh đó,Khách_hàng còn được tặng ngay hàng chục_ngàn gấu bông cao_cấp Teddy từ chương_trình Đăng_ký gói tiết_kiệm 6,5 năm ngay tại đây 1, Trong chương_trình khuyến_mãi Trọn_vẹn ước_mơ cùng VIB,bạn sẽ có cơ_hội sở_hữu 01 căn_hộ The_Krista,Capital_Land 01 xe ô_tô BMW 320i GT 09 bộ thiết_bị giải_trí cao_cấp Sony gồm ti_vi LED 50 inches và dàn âm_thanh Bluray 3D 18 điện_thoại iphone_6s 30 đồng_hồ apple 60 phiếu mua hàng trị_giá 1000000 VNĐ 1, Cơ_hội vi_vu cùng xe Vespa,đẳng_cấp cùng iphone_6 Plus,sành_điệu cùng Samsung_Galaxy S6 Edge và rủng_rỉnh 100000 đồng trong tài_khoản khi đăng_ký dịch_vụ Nhận tin nhắn chủ_động SMS chủ_động của Vietcombank_Vừa có_thể ngăn_chặn tài_khoản có giao_dịch không mong_muốn lại vừa có cơ_hội nhận các phần quà giá_trị từ Vietcombank 1, Cơ_hội vi_vu cùng xe Vespa,đẳng_cấp cùng iphone_6 Plus,sành_điệu cùng Samsung_Galaxy S6 Edge và rủng_rỉnh 100000 đồng trong tài_khoản khi đăng_ký dịch_vụ Nhận tin nhắn chủ_động SMS chủ_động của Vietcombank 1, Nhận tin nhắn,đón quà vui cùng Vietcombank_Chỉ cần vài thao_tác bạn có cơ_hội rinh về ngay xe Vespa_Primavera,iphone_6 Plus,Samsung_Galaxy S6 và nhiều quà tặng hấp_dẫn có giá_trị khác Hãy đăng_ký ngay dịch_vụ SMS chủ_động để tài_khoản được bảo_mật tối_ưu và còn rất nhiều cơ_hội nhận các phần quà hấp_dẫn trên nhé 1, Chỉ cần vài thao_tác bạn có cơ_hội rinh về ngay xe Vespa_Primavera,iphone_6 Plus,Samsung_Galaxy S6 và nhiều quà tặng hấp_dẫn có giá_trị khác 1, Event bán hàng lớn nhất tháng 1011 của Tập_đoàn miK dành cho dự_án nhà phố Compound_Park_Riverside_Theo đó,ngay sau khi đặt_cọc thành_công 1 căn nhà phố Park_Riverside_Quý khách_hàng sẽ nhận ngay 01 cây vàng SJC trị_giá 34 triệu VND 01 Apple device iphone_6s,IPad Pro hoặc Macbook_Pro_Chiết khấu thêm 6,5 01 Apple device khi thanh_toán nhanh miễn_phí 18 tháng phí quản_lý để biết thêm thông_tin chi_tiết Website mik mikcorp 1, Theo đó,ngay sau khi đặt_cọc thành_công 1 căn nhà phố Park_Riverside_Quý khách_hàng sẽ nhận ngay 01 cây vàng SJC trị_giá 34 triệu VND 01 Apple device iphone_6s,IPad Pro hoặc Macbook_Pro_Chiết khấu thêm 6,5 01 Apple device khi thanh_toán nhanh 1, Cả nhà của H ơi,HTV2 đãng có chương_trình trúng thưởng iphone_6s và 100 triệu đồng hấp_dẫn lắm 1, Reng_reng reng Như_vậy là CTKM_NẠP_TIỀN_NHANH_TAY,TRÚNG_NGAY_iphone_6S của DongA Bank đã vừa kếT_Thúc vào ngày 28122015 với các khách_hàng may_mắn trúng thưởng tuần 4 DongA Bank xin trân_trọng chúc_mừng Quý_Khách hàng Quý_Khách hàng nào chưa trúng thưởng hoặc đã trúng thưởng rồi vẫn chưa hết cơ_hội may_mắn đâu ạ 3, Như_vậy là CTKM_NẠP_TIỀN_NHANH_TAY,TRÚNG_NGAY_iphone_6S của DongA Bank đã vừa kếT_Thúc vào ngày 28122015 với các khách_hàng may_mắn trúng thưởng tuần 4 3, Đừng làm Bphone đua_đòi với IPhone,hãy làm Bèo_Phone cho dân nước Việt nhờ Cái này mới đúng là giỏi thực_sự này 3, Đừng làm Bphone đua_đòi với IPhone,hãy làm Bèo_Phone cho dân nước Việt nhờ 3, 50000000 đồng tiền_mặt cùng nhiều phần quà hấp_dẫn khác như điện_thoại iphone_6 16GB 03 giải,mỗi tháng 1 giải,thẻ cào trị_giá 100000 đồng 90 giải,mỗi ngày 1 giải đãng chờ_đợi chủ_nhân là các khách_hàng đăng_ký sử_dụng các gói YT1YT30MY DUNG_LƯỢNG_XÀI_THẢ_GA_XEM_YOUTUBE,FPT_PLAY_CỰC_ĐÃ từ 04022016 đến hết 03052016 Chi_tiết liên_hệ 9090 Cùng chia_sẻ thông_tin này tới bạn_bè và người_thân cả nhà nhé 3,Bạn có mắc phải những điều này không Hãy cẩn_thận để bảo_vệ Iphone của mình nhé
1,Sony tốt thế_mà ở nước Nhật thích xài Iphone hơn à Chắc dân Việt_Nam chuyển sang xài Bphone hay Mobistar để thể_hiện lòng yêu nước nào
1,Sony tốt thế_mà ở nước Nhật thích xài Iphone hơn à
3,Bây_giờ ra đường đừng nghĩ tay que quẩy cái iphone là sang nha mấy má Giỏi thì cầm cái Bphone mà vuốt_vuốt chị mới khen sang
2,Bây_giờ ra đường đừng nghĩ tay que quẩy cái iphone là sang nha mấy má
1, Lần đầu_tiên,Apple giới_thiệu một chiếc iphone vỏ nhựa nhiều màu_sắc vui_vẻ,nó là iphone_5c với 5 lựa_chọn màu tất_cả Trước khi 5c ,nhiều người đã nghĩ rằng nó sẽ rẻ_tiền,ộp ẹp vì vỏ nhựa,tuy_nhiên,khi cầm iphone_5c trên tay,chắc_chắn các bạn sẽ thay_đổi suy_nghĩ iphone_5c có chất_lượng hoàn_thiện tốt,tạo nên một cảm_giác chắc_chắn và tin_tưởng,những đường_nét sắc xảo cũng giúp tăng giá_trị của chiếc máy lên Ngoài_ra,với cấu_hình mạnh_mẽ,nhỉnh hơn một_chút so với iphone_5,cho_nên 5c vẫn là một chiếc smartphone tốt vào thời_điểm hiện_tại 1, Lần đầu_tiên,Apple giới_thiệu một chiếc iphone vỏ nhựa nhiều màu_sắc vui_vẻ,nó là iphone_5c với 5 lựa_chọn màu tất_cả 3, Trước khi 5c ,nhiều người đã nghĩ rằng nó sẽ rẻ_tiền,ộp ẹp vì vỏ nhựa,tuy_nhiên,khi cầm iphone_5c trên tay,chắc_chắn các bạn sẽ thay_đổi suy_nghĩ 1, iphone_5c có chất_lượng hoàn_thiện tốt,tạo nên một cảm_giác chắc_chắn và tin_tưởng,những đường_nét sắc xảo cũng giúp tăng giá_trị của chiếc máy lên 1, Ngoài_ra,với cấu_hình mạnh_mẽ,nhỉnh hơn một_chút so với iphone_5,cho_nên 5c vẫn là một chiếc smartphone tốt vào thời_điểm hiện_tại 3, Nhìn từ mặt trước,iphone_5c trông y_chang một chiếc iphone_5 có gắn case ở bên ngoài,vì nó vẫn sở_hữu màn_hình retina 4 và nút Home truyền_thống iphone_5c bao_gồm 2 phần riêng_biệt là vỏ nhựa và phần màn_hình đặt vào bên trong khung nhựa đó Các cổng kết_nối Lightning và giắc cắm tai_nghe được bố_trí ở đáy máy,tương_tự như iphone_5s,và cùng_với đó là một chiếc loa ngoài mono Các nút còn lại là nút nguồn,nút gạt tắt chuông và tăng giảm âm_lượng vẫn được bố_trí ở vị_trí thông_thường,nhưng có chút khác_biệt là nó được làm từ nhựa chứ không còn là kim_loại nữa Khay gắn SIM của iphone_5c cũng được làm cùng màu với vỏ Ở mặt sau cách bố_trí các thành_phần vẫn như cũ,bao_gồm camera ở góc trái,sát bên là mic và một chiếc đèn flash LED,logo quả táo và chữ iphone ở vị_trí quen_thuộc,ngoài_ra thì còn có những thông_tin thêm,tuỳ theo thị_trường 3, Nhìn từ mặt trước,iphone_5c trông y_chang một chiếc iphone_5 có gắn case ở bên ngoài,vì nó vẫn sở_hữu màn_hình retina 4 và nút Home truyền_thống 3,iphone_5c bao_gồm 2 phần riêng_biệt là vỏ nhựa và phần màn_hình đặt vào bên trong khung nhựa đó
3,Khay gắn SIM của iphone_5c cũng được làm cùng màu với vỏ
3, Ở mặt sau cách bố_trí các thành_phần vẫn như cũ,bao_gồm camera ở góc trái,sát bên là mic và một chiếc đèn flash LED,logo quả táo và chữ iphone ở vị_trí quen_thuộc,ngoài_ra thì còn có những thông_tin thêm,tuỳ theo thị_trường 3, Nếu chưa cầm iphone_5c trên tay,chắc_chắn nhiều người sẽ nghĩ rằng cái vỏ nhựa của nó sẽ đẹp theo kiểu đặc_trưng của nhiều chiếc điện_thoại vỏ nhựa khác Tuy_nhiên,sự_thật không phải vậy,vỏ nhựa trên iphone_5c là loại polycarbonate được gia_cố khung thép,cho_nên có độ cứng rất tốt,mang lại cảm_giác cứng_cáp khi cầm trên tay Mặt lưng của iphone_5c được bo tròn ở các cạnh nên cảm_giác cầm rất chắc_tay và không bị cấn,sướng hơn khi cầm iphone_5 và 5s 2, Nếu chưa cầm iphone_5c trên tay,chắc_chắn nhiều người sẽ nghĩ rằng cái vỏ nhựa của nó sẽ đẹp theo kiểu đặc_trưng của nhiều chiếc điện_thoại vỏ nhựa khác 1, Tuy_nhiên,sự_thật không phải vậy,vỏ nhựa trên iphone_5c là loại polycarbonate được gia_cố khung thép,cho_nên có độ cứng rất tốt,mang lại cảm_giác cứng_cáp khi cầm trên tay 1, Mặt lưng của iphone_5c được bo tròn ở các cạnh nên cảm_giác cầm rất chắc_tay và không bị cấn,sướng hơn khi cầm iphone_5 và 5s 1, Nếu bạn là một người vui_vẻ thích sắc_màu thì iphone_5c sẽ có_thể khiến bạn thích_thú Apple mang đến 5 lựa_chọn về màu_sắc là xanh lá,xanh dương,vàng,hồng và trắng Điểm mình ấn_tượng với màu_sắc trên 5c đó là nó được chọn rất kỹ,màu tươi_tắn và cho cảm_giác vui_vẻ khi xài Trong thời_gian mình xài chiếc iphone_5c xanh chuối để viết bài đánh_giá,mình nhận thấy khá nhiều bạn thích_thú với nó,đặc_biệt là các em_gái trẻ_trung Nếu bạn muốn tạo ra thêm sự khác_biệt cho iphone_5c thì có_thể mua cái case bảo_vệ dành cho chiếc điện_thoại này từ Apple với giá 29cái,và nó cũng có tới 6 lựa_chọn màu_sắc,trong đó có 5 màu giống bộ vỏ của 5c,và thêm màu xám Có_thể nói_chữ c trong cái tên iphone_5c đúng nghĩa_là colorful,đầy màu_sắc 1,Nếu bạn là một người vui_vẻ thích sắc_màu thì iphone_5c sẽ có_thể khiến bạn thích_thú
1, Trong thời_gian mình xài chiếc iphone_5c xanh chuối để viết bài đánh_giá,mình nhận thấy khá nhiều bạn thích_thú với nó,đặc_biệt là các em_gái trẻ_trung 1, Nếu bạn muốn tạo ra thêm sự khác_biệt cho iphone_5c thì có_thể mua cái case bảo_vệ dành cho chiếc điện_thoại này từ Apple với giá 29cái,và nó cũng có tới 6 lựa_chọn màu_sắc,trong đó có 5 màu giống bộ vỏ của 5c,và thêm màu xám 3, Có_thể nói_chữ c trong cái tên iphone_5c đúng nghĩa_là colorful,đầy màu_sắc 3, iphone_5c dày hơn,cao hơn và to hơn một_chút so với iphone_5 và 5s,với kích_thước là 124,4 mm x 59,2 mm x 8,97 mm,ngoài_ra thì nó cũng nặng hơn với 132g iphone_5 nặng 112g nguyên_nhân có_lẽ là đến từ lớp vỏ nhựa có gia_cố khung thép Tuy_nhiên,việc nặng hơn 20g cũng không có quá nhiều khác_biệt khi so với iphone_5 hoặc 5s,vì thiết_kế kiểu bo góc giúp cầm thoải_mái hơn 2, iphone_5c dày hơn,cao hơn và to hơn một_chút so với iphone_5 và 5s,với kích_thước là 124,4 mm x 59,2 mm x 8,97 mm,ngoài_ra thì nó cũng nặng hơn với 132g iphone_5 nặng 112g nguyên_nhân có_lẽ là đến từ lớp vỏ nhựa có gia_cố khung thép 1, Tuy_nhiên,việc nặng hơn 20g cũng không có quá nhiều khác_biệt khi so với iphone_5 hoặc 5s,vì thiết_kế kiểu bo góc giúp cầm thoải_mái hơn 2, Một vấn_đề mà nhiều người quan_tâm đó là chiếc vỏ nhựa của iphone_5c liệu có_dễ trầy hay không Câu trả_lời là dễ trầy Vỏ nhựa của iphone_5c được phủ một lớp sơn bóng mỏng cho_nên nó khá là dễ trầy trong quá_trình sử_dụng Khi đặt máy trên các bề_mặt nhám thì nguy_cơ trầy_xước sẽ rất cao,thậm_chí là kđéo máy ra từ túi quần cũng có_thể bị Tuy_nhiên,Apple đã khá khôn_khđéo khi phủ lớp sơn bóng lên vỏ của 5c,vì với lớp bóng này,bạn sẽ phải nghiêng máy và nhìn kỹ thì mới thấy được những vết xước mảnh trên vỏ máy Ngoài_ra thì nếu 5c có bị rớt,chắc_chắn nó sẽ bị trầy hoặc mẻ,chứ không móp như vỏ nhôm của iphone_5 hay 5s 